0|1|../data_stream/historical_data/data/17-10-24_12:55:44.csv0.994113652756|0.0495191887021|0.000468987971544
-1|0.0660108973583|0.00067950746355
-1|0.0744401402771|0.00101910316152
-1|0.0794856503606|0.0011958374409
-1|0.0829244467119|0.00128522594847
-1|0.0853939982397|0.00132493691386
-1|0.087241480127|0.00134948888444
-1|0.0886595356796|0.00135946356588
-1|0.0897940084338|0.00135984924855
-1|0.0907251651991|0.00134492581922
-1|0.0914782155305|0.00132674478421
-1|0.0921240552114|0.00130995504486
-1|0.092681836869|0.00129517578586
-1|0.0931517769893|0.00128211406215
-1|0.0935840164311|0.00126851077221
-1|0.0939513515024|0.00125966105364
-1|0.0942771538264|0.00125646864763
-1|0.0945727676153|0.00125193140028
-1|0.0948375288397|0.00124475734192
-1|0.0950772925502|0.00123812202253
-1|0.0952953936701|0.00122931955213
-1|0.095493318918|0.00121602896884
-1|0.0956762641047|0.00120003445772
-1|0.0958421066403|0.00117799598956
-1|0.0959999592832|0.00114353170144
-1|0.0961387910777|0.00111174283019
-1|0.0962676592171|0.0010823500904
-1|0.0963866181415|0.0010539952782
-1|0.09650065129|0.00102324091761
-1|0.0966045185924|0.000990272263504
-1|0.0967015954666|0.000954942282988
-1|0.0967895469882|0.000921639971432
-1|0.0968745048432|0.00088925267354
-1|0.0969528817705|0.000855300524771
-1|0.0970269733419|0.000818575473709
-1|0.0970952063799|0.000780270010157
-1|0.0971555766699|0.000744082914408
-1|0.0972144250304|0.00070759254651
-1|0.0972687516361|0.000669491880399
-1|0.0973213692991|0.000629544363175
-1|0.0973700740862|0.000590434813473
-1|0.0974169905449|0.000547752106497
-1|0.097460676154|0.000504442784321
-1|0.0974984130926|0.000459000258707
-1|0.0975348696761|0.000413019192385
-1|0.097569126398|0.000367975464348
-1|0.097602522932|0.000321793430582
-1|0.0976335552274|0.000272644301211
-1|0.097660408318|0.000222191547509
-1|0.0976837020294|0.000170584679033
-1|0.0977048670443|0.000115961765494
-1|0.0977255749815|5.79672632739e-05
-1|0.0977435772894|1.1143425514e-06
-1|0.0977612905882|-5.44578789479e-05
-1|0.0977766214471|-0.000109284793975
-1|0.0977898881885|-0.00016516537136
-1|0.0977998197336|-0.000222684994163
-1|0.0978121020026|-0.000280572048199
-1|0.0978226615737|-0.000341395081099
-1|0.0978340168224|-0.00040656142891
-1|0.0978410216349|-0.000477676672275
-1|0.0978443240599|-0.000561644051534
-1|0.0978498271434|-0.000648123526844
-1|0.097857546004|-0.000744316392005
-1|0.0978569338719|-0.000842313897782
-1|0.0978576359687|-0.000942436535148
-1|0.0978550887941|-0.00104800098309
-1|0.0978532079337|-0.00115908679816
-1|0.0978459758418|-0.00127287378169
-1|0.0978390440135|-0.00139254351429
-1|0.0978319989517|-0.00152663571094
-1|0.0978249710512|-0.00166690624032
-1|0.0978145044599|-0.0018064160847
-1|0.0978018214305|-0.00195193837242
-1|0.0977864943837|-0.00209993951323
-1|0.0977714924843|-0.00225398808192
-1|0.0977528509803|-0.00241361892908
-1|0.0977336338992|-0.00258018038843
-1|0.0977150364779|-0.00275417319644
-1|0.0976942463973|-0.00293445433231
-1|0.0976694463411|-0.00311344682676
-1|0.0976483872138|-0.00329551623758
-1|0.0976202633409|-0.00348359025
-1|0.0975972963607|-0.00367804759264
-1|0.0975692378747|-0.00387519104325
-1|0.097545021053|-0.00408320790612
-1|0.0975149013949|-0.0042975808253
-1|0.0974825836634|-0.00451549071573
-1|0.0974483883215|-0.00473224458724
-1|0.0974134535089|-0.00494809772251
-1|0.0973778685312|-0.0051585320072
-1|0.0973397447698|-0.00538514238176
-1|0.0973054897436|-0.00562664283999
-1|0.0972621907529|-0.00587422469459
-1|0.0972175300897|-0.00612078063932
-1|0.0971774587926|-0.00637352927564
-1|0.0971278384784|-0.00664195152384
-1|0.0970753175442|-0.00692329770354
-1|0.0970215714723|-0.00721333030728
-1|0.0969676508909|-0.00750915529229
-1|0.0969147754504|-0.00781328296951
-1|0.0968551675527|-0.0081135664255
-1|0.096794094174|-0.00842572569672
-1|0.0967294482248|-0.00876248244839
-1|0.0966627593592|-0.00911695759783
-1|0.0965959950585|-0.00950098201463
-1|0.0965237425709|-0.00991213007903
-1|0.0964484220251|-0.0103259441035
-1|0.096379880133|-0.0107587175962
-1|0.0963003128633|-0.011207884229
-1|0.0962150825986|-0.0116713504717
-1|0.096124665004|-0.0121449192551
-1|0.0960375851576|-0.0126410395309
-1|0.0959471973388|-0.0131620735588
-1|0.0958516044735|-0.01372084452
-1|0.095744076575|-0.0142896496979
-1|0.0956399889063|-0.0148634211628
-1|0.0955239501821|-0.0154525703377
-1|0.0954042137911|-0.0160809431856
-1|0.0952800817726|-0.0167553930376
-1|0.0951500467834|-0.0174588992835
-1|0.0950172086193|-0.0181793411219
-1|0.0948803729468|-0.0189367572396
-1|0.0947364193201|-0.0197358104596
-1|0.0945855202301|-0.0205551413681
-1|0.0944316623014|-0.0213948931173
-1|0.0942717633443|-0.0222649593497
-1|0.0941079791433|-0.0231658271703
-1|0.0939383121064|-0.0241125788262
-1|0.0937640025984|-0.0250708108763
-1|0.0935886019107|-0.0260548674595
-1|0.0934047817176|-0.027063832192
-1|0.0932152473104|-0.0280875917811
-1|0.0930215744509|-0.0291582554036
-1|0.0928240511019|-0.0302606488532
-1|0.092618337241|-0.0313753943056
-1|0.0924098771335|-0.0325222895962
-1|0.0922075873978|-0.0336910628273
-1|0.0919910301321|-0.0349017631271
-1|0.0917733469119|-0.0361606167466
-1|0.0915468695613|-0.0374312868324
-1|0.091320100807|-0.0387240812399
-1|0.091100498232|-0.0400486961533
-1|0.0908625281833|-0.0414064247555
-1|0.090618495638|-0.0427972078842
-1|0.0903710330121|-0.0442212715145
-1|0.0901216273825|-0.0456789329757
-1|0.0898664080407|-0.0471702402578
-1|0.0896074162672|-0.0487248496719
-1|0.0893457545005|-0.0503204599623
-1|0.0890802449645|-0.0519473821815
-1|0.0888212439817|-0.0536123465973
-1|0.0885513356173|-0.0552876243835
-1|0.088274504028|-0.0570098219867
-1|0.0879946488362|-0.0587714171665
-1|0.0877213446767|-0.0605453219106
-1|0.0874348545471|-0.062359608852
-1|0.0871445561917|-0.0641981326285
-1|0.0868631789926|-0.0660446105998
-1|0.086578970856|-0.0679002784154
-1|0.0862789049653|-0.0697548906843
-1|0.0859777784786|-0.0716427387734
-1|0.0856874704179|-0.0735802667268
-1|0.0853938734441|-0.0755640740203
-1|0.0850848583392|-0.0775928463659
-1|0.0847746567901|-0.0796565046307
-1|0.0844611218199|-0.0817455454692
-1|0.0841594836592|-0.0838570591708
-1|0.0838554015054|-0.0860107273309
-1|0.0835347381469|-0.0881912787152
-1|0.0832249658984|-0.0903607978124
-1|0.0829149694478|-0.0925292958851
-1|0.0825940578341|-0.0947378572811
-1|0.0822693548777|-0.0969980867001
-1|0.0819546765415|-0.0992752442736
-1|0.0816258419368|-0.101576153884
-1|0.0812947524063|-0.1038997964
-1|0.0809629580329|-0.106247336214
-1|0.0806296871458|-0.108622375835
-1|0.0802964498984|-0.111028586016
-1|0.0799617563466|-0.113464531704
-1|0.0796251089562|-0.115919492325
-1|0.0792896329709|-0.11842910334
-1|0.0789523538806|-0.120965969603
-1|0.0786148854581|-0.123525120599
-1|0.0782765971576|-0.12610857886
-1|0.0779382233419|-0.128687861792
-1|0.0776026594852|-0.131317664431
-1|0.0772639061863|-0.133953593319
-1|0.076925379424|-0.13659946679
-1|0.0765859527698|-0.139258330106
-1|0.0762481237641|-0.141945002649
-1|0.075927287801|-0.144658079506
-1|0.0755888163088|-0.147400430877
-1|0.0752501608946|-0.15017127508
-1|0.0749179178064|-0.152954007807
-1|0.0745990101408|-0.155731688282
-1|0.0742614838136|-0.158546848551
-1|0.0739240368106|-0.161408655681
-1|0.0735876633373|-0.164277327632
-1|0.0732600307369|-0.167153997329
-1|0.072925099486|-0.170076408741
-1|0.0726065296228|-0.173051446129
-1|0.0722729949167|-0.176053195211
-1|0.0719558651473|-0.179047531621
-1|0.0716397562357|-0.182060933956
-1|0.0713235125586|-0.185028970851
-1|0.0709959519715|-0.18806412178
-1|0.0706687940529|-0.191097186613
-1|0.0703440168762|-0.194152218789
-1|0.070020912711|-0.19723817794
-1|0.0696993191976|-0.200352687267
-1|0.0693798398041|-0.20350160502
-1|0.0690766729821|-0.206620704331
-1|0.0687611707911|-0.209753282403
-1|0.0684484601614|-0.212938547169
-1|0.0681407796016|-0.216153948987
-1|0.0678321081044|-0.219381559964
-1|0.0675395189149|-0.222570015389
-1|0.0672354411321|-0.225783730019
-1|0.066933913845|-0.229017344715
-1|0.0666346472235|-0.232252196113
-1|0.0663410326644|-0.235503510739
-1|0.0660496662891|-0.238755524457
-1|0.0657576840383|-0.241987144031
-1|0.0654682494221|-0.245211075352
-1|0.0651813716|-0.248431297804
-1|0.0648969525172|-0.251645120764
-1|0.0646149817247|-0.254849810478
-1|0.0643353204814|-0.258032466717
-1|0.0640580558934|-0.261199092589
-1|0.06378325792|-0.264342496356
-1|0.063510725503|-0.267476880175
-1|0.0632405174807|-0.270596240969
-1|0.0629753857896|-0.273698455734
-1|0.0627124810661|-0.276778315222
-1|0.0624516697123|-0.279835163577
-1|0.0621905395475|-0.282857672472
-1|0.0619314574843|-0.285858123533
-1|0.0616745116997|-0.288840087154
-1|0.0614197185323|-0.29179446661
-1|0.061167011435|-0.294724956493
-1|0.0609163966035|-0.297629775113
-1|0.060667792659|-0.300509519511
-1|0.0604212029268|-0.303363317912
-1|0.0601892405948|-0.306091002638
-1|0.0599467661082|-0.308857478472
-1|0.0597060941167|-0.311620262284
-1|0.0594673088987|-0.314362787277
-1|0.059230424484|-0.317093860136
-1|0.0589954108678|-0.319807405067
-1|0.0587649363977|-0.322507236345
-1|0.0585361399925|-0.32520357317
-1|0.0583067521114|-0.327855206033
-1|0.0580791091718|-0.3304801239
-1|0.0578653615891|-0.332985595072
-1|0.0576412055019|-0.335499962662
-1|0.0574187571296|-0.338030659123
-1|0.057202939083|-0.340567000583
-1|0.0569961293043|-0.342979954149
-1|0.056778788953|-0.345408259941
-1|0.056562976569|-0.347827278645
-1|0.0563488875132|-0.350247038613
-1|0.0561363747692|-0.352680859954
-1|0.0559254494716|-0.355103727823
-1|0.0557160849097|-0.3575079486
-1|0.0555082795036|-0.35990671972
-1|0.0553019985244|-0.362287482836
-1|0.0550973121832|-0.364646503468
-1|0.0549055711171|-0.36690078937
-1|0.0547040624241|-0.369202078951
-1|0.0545063322679|-0.371516960691
-1|0.0543077766164|-0.373798803066
-1|0.0541104518973|-0.37607519521
-1|0.0539145455457|-0.378341289346
-1|0.0537223218486|-0.380583938521
-1|0.0535313611213|-0.382817485591
-1|0.0533396802145|-0.385028656479
-1|0.0531493791858|-0.387218277396
-1|0.0529604294984|-0.389394134628
-1|0.0527727073502|-0.391559509336
-1|0.0525863476469|-0.393702104767
-1|0.0524013789323|-0.395843386677
-1|0.0522176846438|-0.397962553068
-1|0.0520353178098|-0.400078664319
-1|0.051854115558|-0.402166692456
-1|0.051674450234|-0.40426537749
-1|0.0514970332802|-0.406272571006
-1|0.0513206225382|-0.408324806059
-1|0.0511448428412|-0.410332220552
-1|0.0509702353337|-0.412359104199
-1|0.050797296981|-0.414317863005
-1|0.0506265956283|-0.416347767246
-1|0.0504562501342|-0.418275566248
-1|0.0502860530127|-0.420246006091
-1|0.0501170086953|-0.422181383353
-1|0.0499493314918|-0.424131254447
-1|0.0497832089019|-0.425996395084
-1|0.0496192514021|-0.427949613159
-1|0.0494556765363|-0.429815642883
-1|0.0492924185287|-0.431726760447
-1|0.0491306302135|-0.433566360215
-1|0.0489696602706|-0.435428582941
-1|0.0488093369785|-0.437260896872
-1|0.0486504301063|-0.43912360659
-1|0.0484926688112|-0.440912483788
-1|0.0483358719601|-0.442761601784
-1|0.0481817284708|-0.444568077555
-1|0.0480265056832|-0.446345902283
-1|0.0478724595027|-0.448113498413
-1|0.0477193241606|-0.449887102064
-1|0.0475672128394|-0.451615467644
-1|0.0474160490766|-0.453376975053
-1|0.0472678146067|-0.45511001578
-1|0.0471189994012|-0.456807083368
-1|0.046981129538|-0.458373780718
-1|0.0468446081341|-0.459991647599
-1|0.0466979444874|-0.461671187423
-1|0.046552208487|-0.463341440843
-1|0.0464072813977|-0.465021182653
-1|0.0462632137707|-0.46668604685
-1|0.0461201540955|-0.468331141023
-1|0.0459780831946|-0.469979272236
-1|0.0458370272117|-0.471584650026
-1|0.0456967284979|-0.473209061346
-1|0.0455571997992|-0.47481659613
-1|0.0454211091788|-0.476442604917
-1|0.0452844094566|-0.478002615455
-1|0.0451480534455|-0.479622938981
-1|0.0450133681083|-0.481150352365
-1|0.0448786599791|-0.482734487381
-1|0.0447541371419|-0.484195321195
-1|0.0446212329392|-0.485739331247
-1|0.0444899649568|-0.487265373011
-1|0.044358133517|-0.488765476915
-1|0.0442268075221|-0.490281729409
-1|0.0440961103365|-0.491793347909
-1|0.0439662155806|-0.493282121038
-1|0.0438370237631|-0.494775168532
-1|0.043708639434|-0.49623848688
-1|0.0435812163398|-0.497724654055
-1|0.0434547899067|-0.49916616319
-1|0.0433293232349|-0.500636025765
-1|0.0432046722082|-0.502042443532
-1|0.0430805135551|-0.503478280404
-1|0.0429570876951|-0.504889613979
-1|0.0428339461654|-0.506299580673
-1|0.0427113270874|-0.507712343382
-1|0.0425894546835|-0.509125860781
-1|0.0424683397829|-0.510485601922
-1|0.0423478755605|-0.511863451473
-1|0.0422280916829|-0.513246070583
-1|0.0421088658089|-0.514618077037
-1|0.0419902888625|-0.515980512849
-1|0.0418726575445|-0.517343766757
-1|0.0417557486397|-0.518667206565
-1|0.0416396867746|-0.520037087503
-1|0.0415244411588|-0.521337603813
-1|0.0414096539006|-0.522674963562
-1|0.0412957287302|-0.523945038359
-1|0.0411835130465|-0.525290497121
-1|0.0410726847052|-0.526548675618
-1|0.0409609704458|-0.52785657594
-1|0.0408491883098|-0.529121653695
-1|0.0407380555949|-0.530415609907
-1|0.0406273575776|-0.531677809191
-1|0.0405170846295|-0.532943069793
-1|0.0404074461672|-0.534207275425
-1|0.0402984193365|-0.53545299545
-1|0.0401899383009|-0.536700459684
-1|0.0400822111616|-0.5378970496
-1|0.0399754075467|-0.539129631789
-1|0.0398693224752|-0.540326580346
-1|0.0397639442061|-0.541548422834
-1|0.0396597103006|-0.542713949992
-1|0.0395578326038|-0.543944972283
-1|0.0394545586249|-0.545108173437
-1|0.0393507953375|-0.546299285676
-1|0.039247361532|-0.54749169336
-1|0.0391444977821|-0.548660945255
-1|0.0390422902356|-0.549812402733
-1|0.0389406950684|-0.550996101887
-1|0.0388396235688|-0.552139828933
-1|0.0387389583422|-0.553296061944
-1|0.0386387390874|-0.554437780493
-1|0.0385390787422|-0.55559528723
-1|0.0384399063174|-0.556724247264
-1|0.03834157452|-0.557876475692
-1|0.0382440582168|-0.558973859843
-1|0.0381475325744|-0.560122927761
-1|0.0380513674451|-0.561211690934
-1|0.0379553169062|-0.562340674225
-1|0.037859329993|-0.563432854766
-1|0.0377637331329|-0.564555125014
-1|0.0376690014842|-0.565622540906
-1|0.0375749765799|-0.566730487426
-1|0.0374812655077|-0.567790379645
-1|0.0373877259275|-0.568878216721
-1|0.0372943105629|-0.569950537999
-1|0.037201433589|-0.571029540031
-1|0.0371091101075|-0.572081559648
-1|0.0370172611406|-0.573116582044
-1|0.0369260228215|-0.574144454452
-1|0.0368351513389|-0.575200562878
-1|0.0367475478981|-0.576254010366
-1|0.0366576371356|-0.577266098698
-1|0.0365680830049|-0.578295420947
-1|0.0364788302002|-0.579310575314
-1|0.0363900300266|-0.580342326968
-1|0.0363019392564|-0.58133032579
-1|0.0362145738012|-0.582359168154
-1|0.0361286280829|-0.5833395776
-1|0.036041493292|-0.584329792573
-1|0.0359622302679|-0.585242394816
-1|0.0358768294299|-0.586211598998
-1|0.0357912390487|-0.587183888171
-1|0.0357057662408|-0.588173183118
-1|0.0356206243459|-0.589149787933
-1|0.0355359513934|-0.59013411589
-1|0.0354517768945|-0.591091532482
-1|0.0353680760278|-0.592075845518
-1|0.0352847739036|-0.593020917835
-1|0.0352039528394|-0.594001394275
-1|0.0351224791871|-0.594913971021
-1|0.0350410304348|-0.595891306116
-1|0.0349601659039|-0.596794429669
-1|0.0348789990101|-0.597727900093
-1|0.034797835953|-0.598652296012
-1|0.0347170759561|-0.599574612618
-1|0.0346439162998|-0.600423492042
-1|0.0345645116334|-0.601326837877
-1|0.0344861646082|-0.602226419224
-1|0.0344069318854|-0.60312909384
-1|0.0343279471939|-0.604029803047
-1|0.0342493222494|-0.604919689118
-1|0.0341710969415|-0.605826645357
-1|0.0340931588598|-0.606718547149
-1|0.0340155708297|-0.607604742339
-1|0.0339382817686|-0.608496049606
-1|0.0338613931931|-0.609384036406
-1|0.033791748088|-0.610192077209
-1|0.0337161183671|-0.611049532773
-1|0.0336410420111|-0.611893372778
-1|0.0335661900884|-0.612765217246
-1|0.0334916861841|-0.613601010627
-1|0.0334177475032|-0.614474963705
-1|0.0333440085888|-0.615304123893
-1|0.033270219528|-0.616154786357
-1|0.0331964773264|-0.61699807129
-1|0.0331229383432|-0.617850636052
-1|0.0330496958554|-0.618689816759
-1|0.0329782354753|-0.619540331791
-1|0.0329061438601|-0.620356158949
-1|0.0328340501555|-0.621177877191
-1|0.0327622608795|-0.621993258612
-1|0.032690900184|-0.622830525546
-1|0.0326199043373|-0.623627376365
-1|0.0325506844221|-0.624464774979
-1|0.0324951933274|-0.62519142137
-1|0.0324259054636|-0.62595889963
-1|0.0323558350454|-0.626742051036
-1|0.0322870825768|-0.627525630075
-1|0.0322176074519|-0.628309959883
-1|0.0321485014765|-0.629093510634
-1|0.0320796081539|-0.629880669435
-1|0.032011147806|-0.630645574049
-1|0.0319492069754|-0.631383237819
-1|0.0318814624804|-0.632147123199
-1|0.0318138949808|-0.632910611798
-1|0.0317464085267|-0.633683673025
-1|0.0316792329714|-0.634459218247
-1|0.031612382308|-0.635215002705
-1|0.0315459001249|-0.635990244443
-1|0.0314796685155|-0.636741157096
-1|0.0314136837992|-0.637485823101
-1|0.0313479440376|-0.638231549264
-1|0.031282525946|-0.638983261526
-1|0.031223907636|-0.63967397232
-1|0.0311600362133|-0.640399721281
-1|0.0310962689297|-0.641102865323
-1|0.0310324180113|-0.64183722234
-1|0.0309685000865|-0.642561874173
-1|0.0309060010703|-0.643300131718
-1|0.0308425248849|-0.64403073101
-1|0.0307792154433|-0.644765812199
-1|0.0307161972645|-0.645479307053
-1|0.0306535465448|-0.64620484169
-1|0.0305911667449|-0.646913149743
-1|0.0305291025429|-0.647643101352
-1|0.030467461611|-0.648331787961
-1|0.030406095665|-0.649051018983
-1|0.030344707645|-0.649744195354
-1|0.0302833874736|-0.650447118274
-1|0.0302233971065|-0.651160149036
-1|0.0301625883035|-0.651846582746
-1|0.0301080044767|-0.652476077004
-1|0.0300480316632|-0.65315184645
-1|0.0299886406387|-0.653807336454
-1|0.0299296522048|-0.65450678803
-1|0.0298703862835|-0.655180038345
-1|0.0298109628439|-0.655856011888
-1|0.0297517999487|-0.656533125988
-1|0.0296928201264|-0.657217537733
-1|0.0296341113662|-0.657872115754
-1|0.0295756364293|-0.658542275797
-1|0.0295173222627|-0.659208568023
-1|0.0294592712549|-0.659881509327
-1|0.029401567729|-0.660526701548
-1|0.02934434111|-0.661197915863
-1|0.0292874571227|-0.661831893581
-1|0.0292306394452|-0.662484702553
-1|0.0291739580485|-0.663120373198
-1|0.0291176108293|-0.663777772801
-1|0.0290616337739|-0.664398130066
-1|0.0290056588372|-0.665029291165
-1|0.0289497897271|-0.665671497195
-1|0.028893929035|-0.66631350429
-1|0.0288383044824|-0.66695253653
-1|0.0287829014047|-0.667588745072
-1|0.0287276919315|-0.668225154553
-1|0.0286787492481|-0.668782235462
-1|0.0286251673846|-0.669410744899
-1|0.0285774130755|-0.669975506682
-1|0.0285240470939|-0.670564761971
-1|0.0284701869936|-0.671160702144
-1|0.0284163527124|-0.671774363396
-1|0.0283684007652|-0.672339817354
-1|0.0283151462489|-0.672934387168
-1|0.0282619519537|-0.673535652557
-1|0.0282087727207|-0.674144388943
-1|0.0281557832418|-0.674755647345
-1|0.0281086320196|-0.675316093018
-1|0.028056362671|-0.675912109221
-1|0.0280042235353|-0.676500579033
-1|0.027952243755|-0.677103318399
-1|0.0279003681476|-0.677682815664
-1|0.0278487032241|-0.678287239669
-1|0.0277972283467|-0.678873339824
-1|0.0277458198018|-0.679456819001
-1|0.027694661597|-0.680053405547
-1|0.0276437112125|-0.680629827673
-1|0.027593046262|-0.681223158034
-1|0.0275427433756|-0.68178814147
-1|0.0274925874647|-0.682374880525
-1|0.0274426693567|-0.682936609569
-1|0.0273930155684|-0.683516318568
-1|0.0273435976575|-0.684065432784
-1|0.0272944102959|-0.684649556183
-1|0.027246123813|-0.68520603203
-1|0.0271968388921|-0.685781946646
-1|0.0271485660673|-0.686340418213
-1|0.0270996082292|-0.686900248162
-1|0.0270507459888|-0.687460842667
-1|0.0270021307552|-0.688010556217
-1|0.0269540813806|-0.688580171252
-1|0.0269063178955|-0.689102479984
-1|0.0268587104141|-0.689672534197
-1|0.0268113872004|-0.690206858375
-1|0.0267642841786|-0.690766629271
-1|0.0267171400809|-0.691299836811
-1|0.0266698738029|-0.691849482561
-1|0.0266226847549|-0.692380665052
-1|0.026575561193|-0.692919181713
-1|0.0265285694057|-0.693458194451
-1|0.0264817742296|-0.693987453587
-1|0.0264362641528|-0.694539867184
-1|0.0263906340408|-0.695046644619
-1|0.0263450704912|-0.695592837313
-1|0.0262992653555|-0.696090429616
-1|0.0262534654965|-0.69662030327
-1|0.0262079520225|-0.697133372831
-1|0.0261624915554|-0.697667484209
-1|0.026117046019|-0.69818712954
-1|0.0260717470738|-0.698715696244
-1|0.0260266973907|-0.69922219332
-1|0.0259818664032|-0.699743589777
-1|0.0259372197691|-0.700241172306
-1|0.0258929715486|-0.700766117784
-1|0.0258491730681|-0.701253938996
-1|0.0258056311067|-0.701783202307
-1|0.0257621022813|-0.702262553473
-1|0.0257182318689|-0.702751812878
-1|0.0256794661074|-0.70320397433
-1|0.0256360015206|-0.703710883716
-1|0.0255975229263|-0.704171900571
-1|0.0255553796983|-0.704651436481
-1|0.0255124007988|-0.705133887287
-1|0.0254691843894|-0.705625444006
-1|0.025426030323|-0.706120395875
-1|0.025383047429|-0.706609172176
-1|0.0253401911171|-0.707102025494
-1|0.0252974849303|-0.707597823421
-1|0.0252549376954|-0.708084841783
-1|0.0252125882037|-0.70857769723
-1|0.0251704117259|-0.709057508312
-1|0.0251284352721|-0.709549162868
-1|0.025087313327|-0.710030166812
-1|0.0250455374584|-0.710506617638
-1|0.0250038689169|-0.710984777225
-1|0.0249623161783|-0.711460590177
-1|0.0249209159681|-0.71194292621
-1|0.0248798196632|-0.712399702872
-1|0.0248391611031|-0.712880954159
-1|0.0247987017431|-0.713326449348
-1|0.0247583625072|-0.713803450574
-1|0.0247185471729|-0.714238227015
-1|0.0246788532919|-0.714714969178
-1|0.0246439870836|-0.715131447441
-1|0.024604177738|-0.715584220566
-1|0.0245640855849|-0.716035380899
-1|0.0245287769402|-0.716452014225
-1|0.0244889688221|-0.716898356928
-1|0.0244492486611|-0.717336563521
-1|0.0244096329145|-0.717797440545
-1|0.0243701230704|-0.718249467105
-1|0.0243306669144|-0.718703203894
-1|0.0242913561003|-0.719157968247
-1|0.0242522688673|-0.719602058905
-1|0.0242132231819|-0.7200553127
-1|0.0241742697482|-0.72049936639
-1|0.0241401309349|-0.720900356207
-1|0.024101854831|-0.7213436437
-1|0.0240637162631|-0.721767713352
-1|0.0240254609395|-0.72219922992
-1|0.0239872999386|-0.72262990295
-1|0.0239537174497|-0.723026080862
-1|0.0239161776505|-0.723456398329
-1|0.0238786885005|-0.723868887747
-1|0.0238410319304|-0.724307335476
-1|0.0238081260971|-0.724697474455
-1|0.023771056535|-0.725119392529
-1|0.0237385535671|-0.725499147594
-1|0.0237014604911|-0.725910439958
-1|0.0236642073647|-0.726328819861
-1|0.0236271050747|-0.726756480892
-1|0.0235900787435|-0.727184433028
-1|0.0235531188523|-0.727610070889
-1|0.023516279787|-0.728031251271
-1|0.0234796135153|-0.72845867119
-1|0.0234431750404|-0.728863519191
-1|0.0234068489613|-0.729284622599
-1|0.0233705896059|-0.729695055582
-1|0.0233344941276|-0.730119732793
-1|0.0232986615788|-0.730513896972
-1|0.0232628655357|-0.730921069731
-1|0.0232277484315|-0.73132682419
-1|0.0231919879627|-0.731737671179
-1|0.023156280556|-0.732152273101
-1|0.0231210537111|-0.732538635926
-1|0.0230901833836|-0.732899744035
-1|0.0230549562566|-0.733290715006
-1|0.023019687788|-0.733691639331
-1|0.022984525906|-0.734098660757
-1|0.0229539225836|-0.734457519776
-1|0.0229195038531|-0.734838732053
-1|0.0228852940379|-0.73521771815
-1|0.0228511905237|-0.735623713243
-1|0.0228169986874|-0.736004093812
-1|0.0227826582317|-0.73641137816
-1|0.0227483603983|-0.736794424591
-1|0.0227141736493|-0.737196191662
-1|0.0226800417997|-0.737579192792
-1|0.0226460028867|-0.737975773245
-1|0.0226121895066|-0.738354011508
-1|0.0225795179416|-0.73875649816
-1|0.0225461460073|-0.739122371546
-1|0.0225126324648|-0.739508324052
-1|0.0224835178837|-0.739850798452
-1|0.0224504104888|-0.740235324326
-1|0.0224171086565|-0.740611148585
-1|0.0223838100252|-0.740997676438
-1|0.0223505647893|-0.741380619624
-1|0.0223181712548|-0.74176196052
-1|0.0222854948731|-0.742119320245
-1|0.0222529852134|-0.742494609593
-1|0.0222203132238|-0.742857153705
-1|0.022187623925|-0.743238091128
-1|0.0221550020499|-0.74360866769
-1|0.0221224417981|-0.743985218522
-1|0.0220899649403|-0.744357622154
-1|0.0220576249369|-0.744735997629
-1|0.0220255118028|-0.745096290978
-1|0.0219934679919|-0.745462566277
-1|0.0219616366592|-0.74581703845
-1|0.0219300200811|-0.746183890133
-1|0.0218984587841|-0.746535486367
-1|0.0218669305121|-0.746907922602
-1|0.0218353821134|-0.747259982276
-1|0.0218039737723|-0.747622706331
-1|0.021773000208|-0.747957024502
-1|0.0217422671697|-0.748326395816
-1|0.0217118815491|-0.748650497957
-1|0.0216813539338|-0.748998054778
-1|0.0216504087828|-0.749343885117
-1|0.0216193899817|-0.749693799818
-1|0.0215885184427|-0.750027993756
-1|0.0215578009813|-0.750386481566
-1|0.0215271384292|-0.75071832236
-1|0.0214965279593|-0.751074363259
-1|0.0214659668713|-0.751414762085
-1|0.0214363115784|-0.751773402573
-1|0.0214062090048|-0.752101064672
-1|0.0213762800466|-0.752457880595
-1|0.0213465920462|-0.752775334393
-1|0.0213167427579|-0.753119771535
-1|0.0212867492531|-0.753455198479
-1|0.0212567800381|-0.75380304802
-1|0.0212268578636|-0.754138698121
-1|0.0211970107626|-0.754480617074
-1|0.0211672360901|-0.754823994295
-1|0.0211375160524|-0.755166220458
-1|0.0211078881464|-0.755507029802
-1|0.0210783404763|-0.75584675043
-1|0.0210489442835|-0.756191196569
-1|0.0210202334189|-0.756520779283
-1|0.020991007973|-0.756857969116
-1|0.020961983237|-0.7571788686
-1|0.0209334612098|-0.75753193158
-1|0.0209056640395|-0.757835186615
-1|0.0208775952186|-0.758159863893
-1|0.0208491399218|-0.75847355135
-1|0.0208206250579|-0.758802862923
-1|0.0207919761642|-0.75912796991
-1|0.0207633404142|-0.759460455971
-1|0.0207348144794|-0.75978285535
-1|0.0207063731547|-0.760117072525
-1|0.0206780210426|-0.760436698314
-1|0.0206497603108|-0.760760816701
-1|0.02062567177|-0.761033831078
-1|0.0205981373474|-0.761354851994
-1|0.0205703225334|-0.761664378686
-1|0.020542439294|-0.761989443082
-1|0.0205145242106|-0.762303154307
-1|0.0204905198722|-0.762584098515
-1|0.0204628881998|-0.762884582444
-1|0.02043528573|-0.763190233249
-1|0.0204077948522|-0.76350942982
-1|0.0203803051626|-0.763821008412
-1|0.0203527996895|-0.7641409481
-1|0.0203253508751|-0.764455397532
-1|0.0202979723986|-0.764771570344
-1|0.0202706795927|-0.765087733449
-1|0.0202434480615|-0.765399306302
-1|0.0202163073687|-0.765713532829
-1|0.0201892649733|-0.766021409809
-1|0.0201622998429|-0.76633551283
-1|0.0201354594494|-0.766633134883
-1|0.0201088279809|-0.766952420835
-1|0.0200824408532|-0.767240286837
-1|0.0200563794084|-0.767554662209
-1|0.0200304465382|-0.767839278957
-1|0.0200043517909|-0.768142167405
-1|0.0199780989414|-0.768436259721
-1|0.0199519066085|-0.768743362184
-1|0.0199257922197|-0.769029945618
-1|0.0198996555829|-0.769329540254
-1|0.0198734888708|-0.769625159644
-1|0.0198474146711|-0.769932530703
-1|0.0198214240858|-0.770217508872
-1|0.0197955361369|-0.77052492852
-1|0.0197698876143|-0.770806630932
-1|0.0197446058252|-0.771115988464
-1|0.0197194595026|-0.771390975546
-1|0.0196940960457|-0.771691017613
-1|0.0196686242368|-0.771976031081
-1|0.019643249641|-0.772272758031
-1|0.0196179116297|-0.772548875393
-1|0.0195926205072|-0.77284246033
-1|0.0195675618993|-0.773115098641
-1|0.0195426622825|-0.773415340224
-1|0.0195177470899|-0.773689620863
-1|0.0194927585757|-0.773975030581
-1|0.0194677020922|-0.774256186748
-1|0.0194426531571|-0.774550673125
-1|0.0194176701482|-0.774833771688
-1|0.0193927740714|-0.775125129352
-1|0.019367964457|-0.775405278252
-1|0.0193432184457|-0.775697892386
-1|0.0193186640529|-0.775964888482
-1|0.0192942344596|-0.776254479858
-1|0.0192702368851|-0.776529619389
-1|0.0192457241671|-0.776810537972
-1|0.0192212201536|-0.777090558754
-1|0.0191967970679|-0.777378514476
-1|0.0191725610187|-0.777646870189
-1|0.0191486633402|-0.777933211242
-1|0.0191251372333|-0.778190166524
-1|0.0191018128224|-0.778482331683
-1|0.0190783511492|-0.778741960822
-1|0.0190613660448|-0.778951497968
-1|0.0190374703577|-0.779191277329
-1|0.0190140355215|-0.77945721203
-1|0.0189902007781|-0.779723454342
-1|0.0189664010116|-0.779997727416
-1|0.0189426277789|-0.780266771898
-1|0.0189188723252|-0.780535772733
-1|0.0188951979451|-0.780811561837
-1|0.0188715611639|-0.781083637776
-1|0.0188479740533|-0.781356149549
-1|0.0188244459091|-0.781627578542
-1|0.0188009840775|-0.78190091231
-1|0.0187776038303|-0.782163173675
-1|0.0187543245026|-0.782437027919
-1|0.0187311324382|-0.782694234917
-1|0.0187081328343|-0.782968557659
-1|0.0186853420867|-0.783216585245
-1|0.0186627828469|-0.783492025403
-1|0.0186403053862|-0.783736420733
-1|0.0186174958346|-0.783989102688
-1|0.0185946399041|-0.784245927599
-1|0.0185718575322|-0.784513961808
-1|0.0185491602373|-0.784760569964
-1|0.0185265587369|-0.785018379706
-1|0.0185038976916|-0.7852742792
-1|0.0184813148801|-0.785541487392
-1|0.0184589223821|-0.785787488805
-1|0.0184367424407|-0.786057702277
-1|0.0184146461446|-0.786296509643
-1|0.0183925602972|-0.786561387423
-1|0.0183707606808|-0.78681317245
-1|0.018348497479|-0.787062924936
-1|0.0183262599794|-0.787321143649
-1|0.0183040327549|-0.787574611541
-1|0.018281866674|-0.787825630226
-1|0.018259740416|-0.788081441472
-1|0.0182376752204|-0.788334244693
-1|0.0182157018|-0.78859071888
-1|0.0181939167761|-0.78882942133
-1|0.0181725643343|-0.789092327969
-1|0.0181514945012|-0.789318064212
-1|0.0181310351178|-0.789579889388
-1|0.018109985435|-0.789809924366
-1|0.018088630303|-0.790062743849
-1|0.0180671540433|-0.790295348062
-1|0.018046185733|-0.790551741737
-1|0.0180248206573|-0.790793068529
-1|0.0180033834889|-0.791041539302
-1|0.0179819831438|-0.791284123331
-1|0.0179605940705|-0.791530058932
-1|0.0179392486362|-0.791778944344
-1|0.0179179908231|-0.792010522804
-1|0.0178967514588|-0.7922435287
-1|0.0178755695083|-0.79248571305
-1|0.0178544363431|-0.792729937052
-1|0.0178333533296|-0.792970933188
-1|0.0178123101255|-0.793215667844
-1|0.0177913219545|-0.793461164574
-1|0.0177704732423|-0.793689165936
-1|0.0177497906298|-0.793937643916
-1|0.0177294500558|-0.794154587078
-1|0.0177095085581|-0.79440464528
-1|0.0176895794484|-0.794622957855
-1|0.0176694342912|-0.794865401841
-1|0.0176490285674|-0.795091314422
-1|0.0176285747143|-0.795333614912
-1|0.0176081009347|-0.795561623346
-1|0.0175876616312|-0.795798349917
-1|0.0175672833506|-0.796026268517
-1|0.0175501735586|-0.796216426002
-1|0.0175300161402|-0.796441008691
-1|0.0175099102645|-0.796659428125
-1|0.0174898981818|-0.796896226031
-1|0.0174699431345|-0.797112925194
-1|0.0174500149819|-0.797350476803
-1|0.0174300798315|-0.797567142565
-1|0.0174102066496|-0.797798640184
-1|0.0173902696754|-0.798018926446
-1|0.0173702993562|-0.798247088163
-1|0.017350373554|-0.798468510935
-1|0.01733051462|-0.798699139942
-1|0.017310730789|-0.798918134653
-1|0.0172909726316|-0.799141113505
-1|0.0172712803137|-0.799360567435
-1|0.0172517205043|-0.799587796356
-1|0.0172323341623|-0.79979149202
-1|0.0172131142383|-0.800018464834
-1|0.0171939993612|-0.800221721114
-1|0.0171748520446|-0.800452568705
-1|0.0171556414648|-0.800661206728
-1|0.0171363588668|-0.800886469121
-1|0.0171171060885|-0.801097758038
-1|0.0170979533876|-0.801321605872
-1|0.0170788142352|-0.801535424612
-1|0.0170596834648|-0.801759195673
-1|0.017040553884|-0.801972160902
-1|0.0170214860854|-0.802198596719
-1|0.0170025210887|-0.802402986742
-1|0.0169836174775|-0.802632181806
-1|0.0169648072242|-0.802837203602
-1|0.0169461334654|-0.803056972204
-1|0.0169274897689|-0.803261123105
-1|0.0169087710615|-0.803480583444
-1|0.0168932197492|-0.803657910776
-1|0.0168746202796|-0.803855087979
-1|0.0168558670236|-0.804069021126
-1|0.0168370957985|-0.804283317656
-1|0.0168183868248|-0.804500826558
-1|0.0167997024542|-0.804714339536
-1|0.0167810459002|-0.80492751023
-1|0.0167624670437|-0.805143789243
-1|0.0167439953988|-0.805345211955
-1|0.0167255815527|-0.805563685184
-1|0.0167106251978|-0.80573792374
-1|0.0166930278588|-0.8059392397
-1|0.0166749536631|-0.8061434801
-1|0.0166567193994|-0.806357220826
-1|0.0166385053771|-0.806562076983
-1|0.0166202549967|-0.806775922831
-1|0.0166020459223|-0.806976778044
-1|0.0165838838132|-0.807189227729
-1|0.0165657600085|-0.80739453939
-1|0.0165477696314|-0.807610036322
-1|0.016529986941|-0.807803181976
-1|0.0165122960118|-0.808015857572
-1|0.0164946234765|-0.808205451255
-1|0.0164768224194|-0.808406759058
-1|0.0164590371742|-0.808601798129
-1|0.0164412392107|-0.808801727931
-1|0.01642346929|-0.809001826406
-1|0.0164057424974|-0.809210716651
-1|0.016388075678|-0.809408970492
-1|0.0163705340989|-0.809619704159
-1|0.0163531285169|-0.809812225248
-1|0.0163357681888|-0.810019716
-1|0.0163184950047|-0.810202438433
-1|0.0163012867795|-0.810414745206
-1|0.016284041634|-0.8106026717
-1|0.0162666523675|-0.810800240302
-1|0.0162492435123|-0.810995464115
-1|0.0162319205086|-0.811199892292
-1|0.0162146434326|-0.811390459865
-1|0.016197385108|-0.811590387707
-1|0.0161802316963|-0.811779987259
-1|0.0161631492658|-0.811984806528
-1|0.0161462310337|-0.812167274909
-1|0.0161295200525|-0.812374810407
-1|0.0161127697305|-0.812557937375
-1|0.0160959527327|-0.812759740673
-1|0.0160791022578|-0.812940258557
-1|0.0160622198035|-0.813141925943
-1|0.0160453460491|-0.813326550778
-1|0.0160284776356|-0.813527681423
-1|0.0160116622942|-0.813714629521
-1|0.0159948880202|-0.813912443769
-1|0.0159784394704|-0.814100890667
-1|0.0159616769449|-0.814287865245
-1|0.0159449301054|-0.814486246014
-1|0.0159282781783|-0.814672926463
-1|0.0159116563469|-0.814869595837
-1|0.0158951651526|-0.815046684168
-1|0.0158788729073|-0.815244074199
-1|0.015862560651|-0.815424933647
-1|0.0158462319746|-0.815620731516
-1|0.0158298594101|-0.815803686494
-1|0.0158134212178|-0.815992911748
-1|0.0157970199146|-0.81617300358
-1|0.0157806836135|-0.816367856217
-1|0.0157644285737|-0.816547440359
-1|0.0157487329467|-0.816742199978
-1|0.0157327522985|-0.81692159127
-1|0.0157165684248|-0.817103722433
-1|0.0157003097684|-0.817286632584
-1|0.0156840547691|-0.817472510759
-1|0.0156678417177|-0.817651620253
-1|0.0156517613082|-0.817838292014
-1|0.0156357190028|-0.818015694996
-1|0.0156197177546|-0.818206192672
-1|0.0156038698295|-0.818376354458
-1|0.0155882037035|-0.818570170521
-1|0.015572605764|-0.818734995376
-1|0.0155569872317|-0.818920855115
-1|0.0155413176747|-0.819089135379
-1|0.0155255978928|-0.819274402872
-1|0.015509836317|-0.819448580872
-1|0.0154940164401|-0.819630018581
-1|0.0154782066736|-0.819802080421
-1|0.0154624170483|-0.819985953645
-1|0.0154469391608|-0.820167184493
-1|0.015431216079|-0.820341633481
-1|0.0154155265813|-0.820520715923
-1|0.015399864821|-0.820703874242
-1|0.0153872178933|-0.820841819389
-1|0.0153721888008|-0.821019631886
-1|0.0153570457023|-0.821186605088
-1|0.0153417377219|-0.821366209839
-1|0.0153264195908|-0.821530911705
-1|0.0153111298957|-0.821715508403
-1|0.0152958151099|-0.821879746104
-1|0.0152804199477|-0.822046679748
-1|0.015265026925|-0.822220764062
-1|0.015249659814|-0.822398679278
-1|0.0152343244097|-0.822570210145
-1|0.0152190211468|-0.82275019302
-1|0.0152037562505|-0.822923071308
-1|0.0151912726076|-0.823064539335
-1|0.015178827528|-0.823199105964
-1|0.0151637280876|-0.823363328035
-1|0.015148674144|-0.823529107144
-1|0.0151336647835|-0.823703561731
-1|0.015118781503|-0.823864795536
-1|0.0151038975909|-0.824044465848
-1|0.0150890224817|-0.824204681053
-1|0.0150742218325|-0.824383130475
-1|0.0150595123434|-0.824538676248
-1|0.0150447942613|-0.824700812704
-1|0.0150299777663|-0.824866329968
-1|0.0150151541662|-0.825034719323
-1|0.015000315737|-0.825199006755
-1|0.0149855297778|-0.825374358664
-1|0.0149707973417|-0.825540252841
-1|0.0149561777987|-0.825718155087
-1|0.0149416918759|-0.825875822503
-1|0.0149273552809|-0.826052044924
-1|0.0149131561707|-0.826202261984
-1|0.014898920213|-0.826371507624
-1|0.0148845782585|-0.826530978047
-1|0.0148701598581|-0.826702465836
-1|0.0148557341496|-0.826855779345
-1|0.0148412618864|-0.827013679353
-1|0.0148267829177|-0.827177591301
-1|0.0148122920931|-0.827346961975
-1|0.0147978159548|-0.827515005374
-1|0.0147833663671|-0.827683372547
-1|0.0147689620133|-0.827845819178
-1|0.0147545818609|-0.828008739928
-1|0.0147402493689|-0.828176981874
-1|0.0147259766794|-0.828336359237
-1|0.0147118132404|-0.828504104663
-1|0.0146979046101|-0.828650287119
-1|0.0146842435631|-0.828814694775
-1|0.014670665387|-0.828959164932
-1|0.0146569660947|-0.829114582285
-1|0.0146431787081|-0.829266291126
-1|0.0146292864416|-0.82943260227
-1|0.0146153209058|-0.829587085834
-1|0.0146013209196|-0.829753100937
-1|0.014587332993|-0.829909280438
-1|0.014573330678|-0.830070229887
-1|0.0145593345555|-0.83022969171
-1|0.014545359831|-0.830393676005
-1|0.0145314106163|-0.830551992458
-1|0.014517486955|-0.830713895293
-1|0.0145036004166|-0.830870335251
-1|0.0144897591158|-0.831034994703
-1|0.014475992593|-0.831186102187
-1|0.0144624473075|-0.831351164882
-1|0.0144492614712|-0.831493965492
-1|0.0144363429693|-0.831658244879
-1|0.0144231644772|-0.831801808966
-1|0.0144096593924|-0.83195604698
-1|0.0143961531596|-0.832100575648
-1|0.0143826686124|-0.83226394405
-1|0.0143691734056|-0.8324084554
-1|0.0143557037291|-0.832569968369
-1|0.014342244789|-0.832718010773
-1|0.0143288196341|-0.832877811337
-1|0.0143154118084|-0.8330276666
-1|0.0143020419621|-0.833186240447
-1|0.0142887646234|-0.833327733128
-1|0.0142755875345|-0.833484531804
-1|0.0142624289826|-0.833621645946
-1|0.0142491989399|-0.833775113417
-1|0.0142359420621|-0.83392088805
-1|0.0142226783672|-0.834078354182
-1|0.014209458867|-0.834221328687
-1|0.0141962504763|-0.834377507525
-1|0.0141830226103|-0.834522001424
-1|0.0141698302846|-0.83467064655
-1|0.014156628862|-0.834818135251
-1|0.0141434452079|-0.834968014265
-1|0.0141303108807|-0.835111687495
-1|0.0141172187726|-0.83526616045
-1|0.0141042519469|-0.835403520531
-1|0.0140915515696|-0.835558087777
-1|0.014079098062|-0.835687338094
-1|0.0140665965524|-0.83584155922
-1|0.0140538924935|-0.835979775569
-1|0.0140410626178|-0.836129948601
-1|0.0140281469023|-0.836274206038
-1|0.0140152384005|-0.836426909555
-1|0.0140023578827|-0.836569094125
-1|0.0139895031991|-0.836717983699
-1|0.0139766797849|-0.836856940253
-1|0.0139638358938|-0.836998622545
-1|0.0139510220021|-0.83714349489
-1|0.0139382144707|-0.837290394664
-1|0.0139254431299|-0.837434392594
-1|0.0139127505399|-0.837587791978
-1|0.0139002985495|-0.837719748388
-1|0.0138881577278|-0.837872976077
-1|0.0138761172829|-0.838000973291
-1|0.0138637243041|-0.838137386927
-1|0.0138512107407|-0.838273998377
-1|0.0138386863661|-0.838419801684
-1|0.0138260991567|-0.83856186973
-1|0.0138135367791|-0.838708825953
-1|0.0138009859236|-0.838849960625
-1|0.0137884655581|-0.838997064184
-1|0.0137759928273|-0.839134828564
-1|0.0137635561106|-0.839276545548
-1|0.0137511837526|-0.839413056417
-1|0.0137389262796|-0.83956239463
-1|0.0137268309017|-0.839688646519
-1|0.0137147517479|-0.83983616096
-1|0.0137026416369|-0.839967969805
-1|0.0136905429825|-0.84010783552
-1|0.0136784820364|-0.840236278009
-1|0.0136664552294|-0.840385047035
-1|0.0136544944693|-0.840516212294
-1|0.0136424639566|-0.840658216522
-1|0.0136303521413|-0.84078753885
-1|0.0136181839566|-0.840926797731
-1|0.0136060175591|-0.841060945928
-1|0.0135939293778|-0.841204167862
-1|0.013581907296|-0.841332404157
-1|0.0135699797169|-0.841473050496
-1|0.0135581714865|-0.841593799476
-1|0.0135462749149|-0.841730798384
-1|0.0135342672474|-0.841864487216
-1|0.0135222538287|-0.84200166439
-1|0.0135102565987|-0.84213580237
-1|0.0134982827963|-0.842277224274
-1|0.0134863385243|-0.842410168302
-1|0.0134744759116|-0.842550223781
-1|0.0134627151674|-0.842676491611
-1|0.0134510719642|-0.842821999109
-1|0.013439543387|-0.84294748941
-1|0.0134280895766|-0.843088616309
-1|0.0134165055734|-0.843215962592
-1|0.0134047631658|-0.843349628019
-1|0.0133929729987|-0.843482933919
-1|0.0133811792579|-0.843621377602
-1|0.0133694064026|-0.843754546254
-1|0.0133576720356|-0.843893005466
-1|0.0133459642741|-0.844023767183
-1|0.0133342872848|-0.844160565397
-1|0.0133226381724|-0.84428768476
-1|0.0133110409429|-0.844423459544
-1|0.0132996137287|-0.844543937849
-1|0.0132883982887|-0.844686400991
-1|0.0132773290851|-0.844803877821
-1|0.0132662802308|-0.844938416396
-1|0.0132550479165|-0.845063668611
-1|0.0132436460664|-0.845199811673
-1|0.0132321957769|-0.845328390345
-1|0.0132207081713|-0.84546219451
-1|0.0132092250196|-0.845591804766
-1|0.0131977668298|-0.845723949438
-1|0.0131863563388|-0.845851187142
-1|0.0131749955832|-0.845986780197
-1|0.0131636877446|-0.846111147464
-1|0.0131524569572|-0.84624555002
-1|0.0131413679245|-0.84636381233
-1|0.013130388556|-0.846498257883
-1|0.0131193424366|-0.846618088633
-1|0.0131083245668|-0.846750333538
-1|0.0130972191215|-0.846871934722
-1|0.0130860577899|-0.847004259123
-1|0.0130748915178|-0.847125590933
-1|0.0130637434076|-0.847259027661
-1|0.0130526002082|-0.847382500646
-1|0.0130414885807|-0.847516829874
-1|0.0130304208833|-0.847638357143
-1|0.0130193897404|-0.847765792139
-1|0.0130084095423|-0.847884675862
-1|0.0129974874305|-0.848018631537
-1|0.0129866112648|-0.848134888674
-1|0.0129757413932|-0.848265510534
-1|0.0129648289548|-0.848383221826
-1|0.0129539355635|-0.848515206434
-1|0.0129430219153|-0.84863466198
-1|0.0129320929125|-0.848763665993
-1|0.0129211731891|-0.848880668014
-1|0.0129102572622|-0.849006364555
-1|0.0128993316687|-0.849129759745
-1|0.0128884162963|-0.849258555133
-1|0.0128775223035|-0.849382197114
-1|0.0128666583028|-0.849510304301
-1|0.0128559461583|-0.849622696493
-1|0.012845441665|-0.849750124385
-1|0.0128351252034|-0.849859106618
-1|0.0128248159423|-0.849992012893
-1|0.0128142832084|-0.850100157487
-1|0.0128037016716|-0.850230849902
-1|0.0127930291456|-0.850349535283
-1|0.0127823197576|-0.850477278641
-1|0.0127716288239|-0.850596861663
-1|0.0127609678944|-0.850723994747
-1|0.0127503316174|-0.85083885469
-1|0.0127396867589|-0.850957201126
-1|0.0127290619193|-0.851075915789
-1|0.0127184969359|-0.851203013352
-1|0.0127080462112|-0.851314300724
-1|0.0126976728892|-0.851440811213
-1|0.0126874336987|-0.851545653621
-1|0.0126771868205|-0.851665387682
-1|0.0126668168576|-0.851775379936
-1|0.012656462049|-0.851900960831
-1|0.0126460682939|-0.852010592278
-1|0.0126356216755|-0.852133681391
-1|0.0126251871814|-0.852248801325
-1|0.0126148152908|-0.852373435666
-1|0.0126044592847|-0.852485725755
-1|0.0125940943517|-0.852610306528
-1|0.0125837406093|-0.852724421238
-1|0.0125734557087|-0.852847520395
-1|0.0125632465404|-0.852957441077
-1|0.0125530555674|-0.853082418892
-1|0.0125429601897|-0.853191325543
-1|0.0125328950834|-0.85331019147
-1|0.0125227216629|-0.85342006086
-1|0.0125124841765|-0.853537379621
-1|0.012502239837|-0.853650166781
-1|0.0124919786424|-0.853765246119
-1|0.0124817580342|-0.853878793705
-1|0.0124716095726|-0.854001692167
-1|0.0124615396332|-0.8541046683
-1|0.0124515739049|-0.854222844042
-1|0.0124416805043|-0.854327429764
-1|0.0124318356174|-0.85444427782
-1|0.0124219790119|-0.85455128317
-1|0.0124120466201|-0.854672743816
-1|0.0124020251017|-0.854780587745
-1|0.0123920383372|-0.854900506522
-1|0.0123820517452|-0.855008865799
-1|0.0123720184864|-0.855119866824
-1|0.0123619662434|-0.855234583549
-1|0.0123519318762|-0.855344233721
-1|0.0123419366809|-0.855464328892
-1|0.012331974104|-0.855575655754
-1|0.0123221005572|-0.855694274533
-1|0.0123123164242|-0.855798072098
-1|0.0123025170494|-0.855911665842
-1|0.0122927132032|-0.856016855111
-1|0.0122829908956|-0.856136157006
-1|0.0122734150397|-0.856236893133
-1|0.0122638989737|-0.856355944633
-1|0.0122543133415|-0.856456631712
-1|0.0122447033908|-0.856574295227
-1|0.0122350420829|-0.856674419312
-1|0.0122254088216|-0.856794750063
-1|0.0122157629237|-0.856896821718
-1|0.0122061044302|-0.857015439127
-1|0.0121964496374|-0.857121501444
-1|0.0121868238768|-0.857236913709
-1|0.0121771757405|-0.857342402608
-1|0.0121675414645|-0.857456644334
-1|0.0121579435353|-0.857561636158
-1|0.0121483406891|-0.857674497658
-1|0.0121387330021|-0.857780655231
-1|0.012129151015|-0.857893032394
-1|0.0121195795302|-0.857998453521
-1|0.0121100017068|-0.858110981748
-1|0.0121004794756|-0.858212852009
-1|0.0120910340259|-0.858329765552
-1|0.0120816627441|-0.858429630319
-1|0.0120723289529|-0.858543530942
-1|0.0120630159358|-0.858645226821
-1|0.0120536960733|-0.85876057106
-1|0.0120443421008|-0.858859867124
-1|0.0120349712459|-0.858973627098
-1|0.0120255805634|-0.859078081238
-1|0.0120162207952|-0.859190095694
-1|0.0120068945801|-0.859290952698
-1|0.0119975544354|-0.859402564329
-1|0.011988186054|-0.859504379109
-1|0.0119787829579|-0.859612930936
-1|0.0119693790018|-0.859717672886
-1|0.0119600005868|-0.859828758809
-1|0.0119506839525|-0.859929810872
-1|0.0119414831372|-0.860042742641
-1|0.0119323947025|-0.86013492795
-1|0.0119233861887|-0.860249538817
-1|0.0119143519694|-0.860347614201
-1|0.0119052418526|-0.860456836033
-1|0.011896130662|-0.860554009238
-1|0.0118870066222|-0.860662046505
-1|0.0118778543894|-0.86076195414
-1|0.0118687267785|-0.860871410096
-1|0.0118596681752|-0.860967397323
-1|0.0118506555464|-0.861077057596
-1|0.0118415115898|-0.8611787409
-1|0.0118323963008|-0.861286931048
-1|0.0118233971244|-0.861385520197
-1|0.0118144031538|-0.861496175945
-1|0.0118053677541|-0.861595526633
-1|0.0117963137324|-0.861702489748
-1|0.0117872439218|-0.86180441578
-1|0.0117781802877|-0.861912462514
-1|0.0117691356664|-0.862010390149
-1|0.0117601059925|-0.862117376773
-1|0.01175114737|-0.86221265858
-1|0.0117422316201|-0.862318368845
-1|0.0117333172137|-0.862415480067
-1|0.0117244574624|-0.862525620676
-1|0.0117156393432|-0.862619475122
-1|0.0117068778385|-0.862726562661
-1|0.0116981483495|-0.862821227506
-1|0.0116893530404|-0.862924177515
-1|0.0116804969077|-0.863021067989
-1|0.0116715707258|-0.863120627391
-1|0.0116626578545|-0.863218945541
-1|0.0116537969636|-0.863326035034
-1|0.0116449972308|-0.86341940663
-1|0.0116362456676|-0.863524651004
-1|0.0116275606977|-0.863618299496
-1|0.0116189442306|-0.863726869231
-1|0.0116103293014|-0.863819957559
-1|0.0116017292356|-0.863926840335
-1|0.0115931586285|-0.864017160139
-1|0.0115845455644|-0.864117750767
-1|0.0115758842752|-0.864210283226
-1|0.0115671905374|-0.864307735796
-1|0.0115584221725|-0.864406972563
-1|0.0115496473362|-0.86450896963
-1|0.0115408809211|-0.864610751883
-1|0.0115321275926|-0.864713657659
-1|0.0115233858793|-0.864815543922
-1|0.0115146579627|-0.864916821191
-1|0.0115059466593|-0.865014910749
-1|0.0114972610139|-0.865117822541
-1|0.0114886018542|-0.865215271649
-1|0.0114800409427|-0.86531870797
-1|0.0114717149049|-0.865403823588
-1|0.0114636378642|-0.865511159288
-1|0.011455574111|-0.86559781408
-1|0.0114473267089|-0.865696495876
-1|0.0114388375839|-0.865789424536
-1|0.0114302728831|-0.865889743626
-1|0.011421708174|-0.865986015236
-1|0.0114131933111|-0.866087726516
-1|0.0114047609589|-0.866178398825
-1|0.0113963671782|-0.866280506492
-1|0.0113879619326|-0.866371885539
-1|0.0113795443784|-0.866467444533
-1|0.0113710622684|-0.866564073315
-1|0.0113625961441|-0.866664829816
-1|0.0113541682361|-0.866757445505
-1|0.0113458025395|-0.86685936843
-1|0.0113375328759|-0.866948649926
-1|0.011329395442|-0.867053636146
-1|0.0113212689165|-0.867139085323
-1|0.0113130919461|-0.867239649103
-1|0.0113049282237|-0.867324265899
-1|0.0112967154488|-0.867423015183
-1|0.0112884342743|-0.867513694057
-1|0.011280106943|-0.867609879787
-1|0.0112717712302|-0.867702901192
-1|0.0112634868129|-0.867801934751
-1|0.0112552146359|-0.867894494257
-1|0.0112469785894|-0.867992245636
-1|0.0112387800767|-0.86808100786
-1|0.0112307197293|-0.868182594047
-1|0.0112228139598|-0.868267534057
-1|0.011214931157|-0.868367347399
-1|0.011206884675|-0.868449344347
-1|0.0111987735038|-0.868548968629
-1|0.0111906490277|-0.868635937303
-1|0.0111825305265|-0.868730770189
-1|0.0111743996563|-0.868818623547
-1|0.0111662503206|-0.868914905017
-1|0.0111581452065|-0.86900155823
-1|0.0111501100837|-0.869100260425
-1|0.0111421508546|-0.869185369798
-1|0.011134218029|-0.869277042235
-1|0.0111263307096|-0.869361253059
-1|0.0111184904367|-0.869456942673
-1|0.0111106008981|-0.869543958708
-1|0.0111026387699|-0.869638032988
-1|0.0110946115715|-0.869726093216
-1|0.0110865557323|-0.869821892975
-1|0.0110785158028|-0.869909923619
-1|0.0110704838729|-0.870005195063
-1|0.0110624664498|-0.870093931767
-1|0.0110544980289|-0.870189679446
-1|0.0110465370782|-0.870277658143
-1|0.0110386319043|-0.870372606687
-1|0.0110308432519|-0.87045564939
-1|0.0110231449059|-0.870553815716
-1|0.0110154722588|-0.870633639697
-1|0.0110078398112|-0.870728643263
-1|0.0110001847811|-0.87080838124
-1|0.0109924517216|-0.870899769618
-1|0.0109846364416|-0.870984963739
-1|0.0109767858423|-0.871078072866
-1|0.0109689500022|-0.871164057444
-1|0.0109611507891|-0.871258505403
-1|0.0109533500493|-0.871344150663
-1|0.0109455289229|-0.871437043643
-1|0.0109377000211|-0.871524931548
-1|0.0109299293546|-0.871618783428
-1|0.0109222151028|-0.871703384258
-1|0.0109145492084|-0.871794744412
-1|0.0109069311041|-0.871873317574
-1|0.010899363903|-0.871966623907
-1|0.0108918069833|-0.872045624193
-1|0.0108842156665|-0.872137962711
-1|0.010876574222|-0.872221443342
-1|0.0108688981513|-0.872311879444
-1|0.010861203766|-0.872395914769
-1|0.0108535524107|-0.872487461351
-1|0.0108459468189|-0.872569484667
-1|0.0108384266852|-0.872662888596
-1|0.0108309928564|-0.872742454909
-1|0.0108234906637|-0.872830054207
-1|0.0108159130149|-0.872910094716
-1|0.0108082912738|-0.873000378006
-1|0.0108006717401|-0.873085843752
-1|0.0107930727901|-0.873177321419
-1|0.0107855194584|-0.873257005076
-1|0.0107780068682|-0.873349668289
-1|0.0107705231083|-0.873430642021
-1|0.0107631335498|-0.873522874579
-1|0.0107558483999|-0.873599028803
-1|0.0107485437493|-0.873687263983
-1|0.0107411481363|-0.873766746885
-1|0.0107337112674|-0.873855111088
-1|0.0107262403177|-0.873939107686
-1|0.0107187514639|-0.874026302768
-1|0.0107112780362|-0.874109244537
-1|0.0107038176379|-0.874198005342
-1|0.0106963831759|-0.874277092464
-1|0.0106889994809|-0.874366311592
-1|0.0106816768124|-0.874444783659
-1|0.0106744384774|-0.874535810108
-1|0.0106672564338|-0.874610722404
-1|0.0106600700254|-0.874702012636
-1|0.0106528138339|-0.874778966921
-1|0.0106454983297|-0.874865352738
-1|0.0106381692253|-0.87494588661
-1|0.0106308678433|-0.875036585395
-1|0.010623552807|-0.875114940013
-1|0.0106162440544|-0.875202091382
-1|0.0106089369808|-0.87528075973
-1|0.0106016541107|-0.875369394229
-1|0.0105943507083|-0.875448339299
-1|0.0105870504084|-0.875533520144
-1|0.0105797780796|-0.875613263124
-1|0.0105725355695|-0.875699045473
-1|0.0105653213659|-0.875775878754
-1|0.0105582000479|-0.875863680815
-1|0.010551144801|-0.875940208711
-1|0.0105440709524|-0.876023505662
-1|0.0105369350512|-0.876100860299
-1|0.0105297672001|-0.876182094036
-1|0.0105225601562|-0.876262353925
-1|0.010515327291|-0.876343652858
-1|0.0105080905994|-0.87642637379
-1|0.0105008645792|-0.876511930931
-1|0.0104936681102|-0.876592117377
-1|0.0104865026103|-0.876675957865
-1|0.0104794207168|-0.876750296306
-1|0.0104725074291|-0.876841546463
-1|0.0104657590869|-0.876912262846
-1|0.010459007149|-0.87699342188
0|2|../data_stream/historical_data/data/17-10-25_09:44:10.csv-1|0.0104521158806|-0.877066307598
-1|0.0104450845981|-0.877149894042
-1|0.0104379976825|-0.877229118246
-1|0.0104309324637|-0.877313900693
-1|0.0104238879176|-0.877389410239
-1|0.0104168868658|-0.877476315864
-1|0.0104099476182|-0.877548450167
-1|0.010403021458|-0.877632035792
-1|0.0103960351249|-0.877709441914
-1|0.0103890398445|-0.877790700614
-1|0.0103820662691|-0.877866791847
-1|0.0103751199504|-0.877950418999
-1|0.0103682148377|-0.878024315539
-1|0.0103613167015|-0.878109832245
-1|0.0103544193693|-0.878185664575
-1|0.0103475379152|-0.87826669488
-1|0.0103406413005|-0.878339227378
-1|0.0103337348363|-0.878424778121
-1|0.010326853288|-0.878495249834
-1|0.0103199368277|-0.878573755913
-1|0.0103129970774|-0.878651802014
-1|0.0103060772425|-0.878735673207
-1|0.0102991828429|-0.878807868247
-1|0.0102923272506|-0.878890099402
-1|0.010285541384|-0.878962671577
-1|0.0102788324807|-0.879049624916
-1|0.0102721996577|-0.879116668267
-1|0.0102655726738|-0.879200581637
-1|0.0102589474031|-0.87927132717
-1|0.0102522106197|-0.879348442184
-1|0.0102454108808|-0.879423173512
-1|0.0102386273129|-0.879505172577
-1|0.010231855499|-0.879579383712
-1|0.0102250904972|-0.879657233367
-1|0.0102182896179|-0.879733348442
-1|0.0102114645813|-0.879812549735
-1|0.0102046477616|-0.879886454896
-1|0.0101978522025|-0.879967080467
-1|0.0101910603681|-0.880042136797
-1|0.0101843137497|-0.880124082545
-1|0.0101776237921|-0.88019314152
-1|0.0101710167001|-0.880277510165
-1|0.0101645311064|-0.880344956025
-1|0.0101581489138|-0.880428489889
-1|0.0101517328201|-0.880495299153
-1|0.0101452694536|-0.880577591348
-1|0.0101386699493|-0.88064972925
-1|0.0101319984401|-0.880727650008
-1|0.0101253338055|-0.880800109176
-1|0.0101186822051|-0.880880285114
-1|0.0101120721802|-0.8809498121
-1|0.010105467358|-0.881029200614
-1|0.0100988688608|-0.88109988899
-1|0.010092262956|-0.88117698321
-1|0.0100856649612|-0.881246394236
-1|0.0100790720106|-0.881321075028
-1|0.0100724834542|-0.881393519055
-1|0.0100659174812|-0.881473009862
-1|0.0100593877787|-0.881541528368
-1|0.0100529046961|-0.881621934852
-1|0.0100465223071|-0.88169031656
-1|0.010040169823|-0.881766537712
-1|0.0100337534883|-0.881833926996
-1|0.0100272585674|-0.881908749441
-1|0.0100207979202|-0.881975576414
-1|0.0100144128779|-0.882055900183
-1|0.0100080005419|-0.882125781508
-1|0.0100015515082|-0.88220282228
-1|0.00999509015894|-0.882273210585
-1|0.00998860455054|-0.882348857151
-1|0.00998212458485|-0.882418704256
-1|0.00997567132959|-0.882497817283
-1|0.00996923229668|-0.882569270914
-1|0.00996283202614|-0.882646451321
-1|0.00995644847167|-0.882715517097
-1|0.0099500748845|-0.882794270905
-1|0.00994372437866|-0.882861860971
-1|0.00993734052861|-0.882933990318
-1|0.00993096425794|-0.882999439586
-1|0.00992458180902|-0.883071227004
-1|0.00991823594462|-0.883137363584
-1|0.0099119405579|-0.8832166007
-1|0.00990568798038|-0.883283088048
-1|0.00989949049207|-0.883362236856
-1|0.00989335631197|-0.883426966299
-1|0.00988717062447|-0.883504184347
-1|0.00988093304607|-0.883570972586
-1|0.00987468424562|-0.883647857827
-1|0.0098684362814|-0.883715995929
-1|0.00986217079694|-0.883788174527
-1|0.00985589847002|-0.88385586652
-1|0.00984967768505|-0.88393487029
-1|0.00984347809987|-0.883994519177
-1|0.00983727955301|-0.884066296667
-1|0.00983110086126|-0.884124336633
-1|0.00982485594096|-0.884185640473
-1|0.00981858282348|-0.884249404836
-1|0.00981230649715|-0.884319005982
-1|0.00980602773162|-0.884385277111
-1|0.00979976456781|-0.88445658695
-1|0.00979355362867|-0.884518911197
-1|0.00978736996398|-0.884585919985
-1|0.00978118399715|-0.884649294172
-1|0.00977499240732|-0.884719040383
-1|0.00976889148661|-0.884779262364
-1|0.0097628746763|-0.884849609247
-1|0.00975689018963|-0.884909880525
-1|0.00975090589141|-0.884981219731
-1|0.00974487911504|-0.885039120441
-1|0.00973881893164|-0.885107626028
-1|0.00973272510042|-0.884597397965
-1|0.00972661408953|-0.884087135436
-1|0.00972052203807|-0.883577842543
-1|0.0097144521939|-0.883069173076
-1|0.00970840812858|-0.882561359391
-1|0.00970235123699|-0.882053879121
-1|0.00969632052746|-0.881547729556
-1|0.00969027411295|-0.881041525791
-1|0.0096842379172|-0.880536595058
-1|0.00967825256897|-0.88003160214
-1|0.00967228688235|-0.879527521652
-1|0.00966795631547|-0.879037002387
-1|0.00966201482773|-0.878545903141
-1|0.00965597879997|-0.878056122198
-1|0.00965141265599|-0.877576405205
-1|0.00964970936624|-0.87711055857
-1|0.00964366701793|-0.876644710174
-1|0.00963762374385|-0.876179614335
-1|0.00963300537223|-0.875720405367
-1|0.00962971566065|-0.875271297724
-1|0.00962632689912|-0.87483163232
-1|0.00962027004187|-0.87439234788
-1|0.00961680204582|-0.873962738858
-1|0.00961079995036|-0.87353345039
-1|0.0096048531699|-0.873104797841
-1|0.00960016404143|-0.872681860456
-1|0.00959549885846|-0.872265216466
-1|0.00959198902184|-0.87185241935
-1|0.00958610042803|-0.87144123675
-1|0.00958135006292|-0.871031229811
-1|0.00957660531742|-0.870625981981
-1|0.00957287549703|-0.870222249102
-1|0.00956803605951|-0.870042368485
-1|0.00956212589471|-0.869866969572
-1|0.00955619326814|-0.869906103351
-1|0.00955127788617|-0.869970159645
-1|0.00954636242144|-0.869823619812
-1|0.00954147972444|-0.869698281546
-1|0.0095370241533|-0.869742454013
-1|0.00953140443338|-0.869800205791
-1|0.00952653236627|-0.869665278385
-1|0.00952249621565|-0.869559967237
-1|0.00951757963386|-0.869599436425
-1|0.00951244631922|-0.869667163015
-1|0.00950728403261|-0.869544368536
-1|0.00950208078213|-0.869450878477
-1|0.0094986265263|-0.869494037147
-1|0.00949282712799|-0.869555862554
-1|0.00948817344748|-0.869445308023
-1|0.00948386303812|-0.869355363665
-1|0.00947804488141|-0.869396012975
-1|0.00947290003077|-0.869466361791
-1|0.0094683023107|-0.869359953217
-1|0.00946291920107|-0.869279304354
-1|0.009457112542|-0.869321737101
-1|0.00945163477994|-0.869394261087
-1|0.00944744011507|-0.869303248492
-1|0.00944187634378|-0.869229575853
-1|0.00943650196632|-0.869275970225
-1|0.00943076923792|-0.869339723158
-1|0.00942539651115|-0.869255627587
-1|0.00941993690125|-0.869185362959
-1|0.00941423782328|-0.869232426677
-1|0.00940879746817|-0.869302726034
-1|0.00940365208391|-0.869230061847
-1|0.00939828720376|-0.869173418826
-1|0.00939256127392|-0.869222225862
-1|0.00938711335672|-0.869274756302
-1|0.00938172367331|-0.869322299506
-1|0.00937625062635|-0.869370974896
-1|0.00937088708385|-0.869426512894
-1|0.00936539871203|-0.869471979615
-1|0.00935988846844|-0.869522264508
-1|0.00935435044122|-0.869575622192
-1|0.00934886060471|-0.86963133321
-1|0.00934327876148|-0.869675761223
-1|0.00933826471145|-0.869735904446
-1|0.00933296078863|-0.869791326501
-1|0.00932745232806|-0.869843043731
-1|0.00932213386435|-0.869900591486
-1|0.00931666780605|-0.86995381861
-1|0.00931111659116|-0.870010360447
-1|0.00930606801577|-0.870071228727
-1|0.00930063454961|-0.870120415385
-1|0.00929516372179|-0.870179032414
-1|0.00928965450248|-0.870234259524
-1|0.00928422673995|-0.870293849307
-1|0.00927872438829|-0.870353348873
-1|0.00927321922684|-0.870412277262
-1|0.00926772261428|-0.870468804896
-1|0.00926219219301|-0.870527697949
-1|0.00925668339358|-0.870585742978
-1|0.00925145066395|-0.870648288081
-1|0.00924598934911|-0.870701833325
-1|0.00924058678882|-0.870761407047
-1|0.00923512078215|-0.870817745156
-1|0.00922967123074|-0.87088061496
-1|0.00922416404155|-0.870939110607
-1|0.0092187063086|-0.87100276602
-1|0.0092132387722|-0.871065296318
-1|0.00920786287342|-0.871122873917
-1|0.00920254361707|-0.871187363119
-1|0.00919711070762|-0.871247562719
-1|0.00919183589879|-0.871312872758
-1|0.00918647158755|-0.871374362198
-1|0.00918120781937|-0.871432081315
-1|0.00917582918276|-0.871495774943
-1|0.00917055238943|-0.871556559402
-1|0.00916511426145|-0.871620614053
-1|0.00915970404199|-0.871681778187
-1|0.00915429539145|-0.871745040664
-1|0.00914887375986|-0.871806256877
-1|0.00914348798996|-0.871870550875
-1|0.00913809696527|-0.871931790334
-1|0.00913290625322|-0.87199713245
-1|0.00912765532477|-0.872054436673
-1|0.00912232398656|-0.872113730345
-1|0.00911694402749|-0.872177676698
-1|0.0091115904845|-0.872243267231
-1|0.00910622800412|-0.872305948455
-1|0.00910087824312|-0.872371554644
-1|0.00909560166301|-0.872433752197
-1|0.00909050104201|-0.872503683037
-1|0.00908542424567|-0.872560876454
-1|0.00908019650722|-0.872628227471
-1|0.0090749220832|-0.8726932128
-1|0.00906958477456|-0.872759382281
-1|0.00906427398317|-0.872821993559
-1|0.009058973133|-0.872888243537
-1|0.00905368031492|-0.872954379367
-1|0.00904837737181|-0.873020384639
-1|0.00904313680372|-0.873083529
-1|0.00903782393873|-0.873146987531
-1|0.00903252661629|-0.873209780827
-1|0.00902723480933|-0.873275021944
-1|0.00902194934371|-0.873341131491
-1|0.00901671102756|-0.873408330888
-1|0.00901151029446|-0.87347138336
-1|0.00900636994808|-0.873537201917
-1|0.00900126706918|-0.873599249084
-1|0.00899636870333|-0.873668151658
-1|0.00899137563721|-0.873728789324
-1|0.00898621222302|-0.873797213307
-1|0.00898108492498|-0.873861805899
-1|0.00897595196538|-0.87392988568
-1|0.00897083148505|-0.873993402421
-1|0.00896570405009|-0.874062922937
-1|0.00896053315139|-0.874129060812
-1|0.00895534159509|-0.874198812703
-1|0.0089501608431|-0.874265526997
-1|0.00894499969818|-0.874335868337
-1|0.00893987416261|-0.874397761977
-1|0.00893480131901|-0.874466648402
-1|0.00892973818314|-0.874531700259
-1|0.00892478165048|-0.874603944266
-1|0.00891980159529|-0.874666573716
-1|0.00891478868696|-0.87473663107
-1|0.00890972464393|-0.874801053547
-1|0.00890466418971|-0.874872015477
-1|0.00889962396055|-0.874936708419
-1|0.00889462856733|-0.875006580865
-1|0.00888964918893|-0.875071824343
-1|0.00888468821223|-0.875142571471
-1|0.00887967636608|-0.875205202689
-1|0.00887472716553|-0.875274715936
-1|0.00886975853351|-0.875339950089
-1|0.00886474955788|-0.875406132073
-1|0.0088596718155|-0.875476816315
-1|0.00885457904973|-0.87554631201
-1|0.00884948337103|-0.87561513884
-1|0.00884439367259|-0.875680011536
-1|0.00883936113337|-0.875751772418
-1|0.0088343860073|-0.875814560079
-1|0.00882942703879|-0.875885061273
-1|0.00882450604759|-0.875949332203
-1|0.00881969651263|-0.876022850079
-1|0.00881486642582|-0.876084263908
-1|0.00880994583301|-0.876156443119
-1|0.00880499250235|-0.87621823408
-1|0.00880004813255|-0.876286485065
-1|0.0087950903507|-0.876348642145
-1|0.00879011775431|-0.876416725603
0|3|../data_stream/historical_data/data/17-10-25_10:03:35.csv-1|0.00878512050408|-0.876485896514
-1|0.00878012751667|-0.876553010315
-1|0.00877513516836|-0.876619174562
-1|0.00877020102308|-0.876687158686
-1|0.00876523522375|-0.876752600376
-1|0.00876027944799|-0.876824423029
-1|0.00875537814229|-0.876887060795
-1|0.00875060376524|-0.876960219671
-1|0.00874591726516|-0.877018836106
-1|0.00874129735893|-0.877087758182
-1|0.00873657585645|-0.877146854383
-1|0.00873173981404|-0.877215443878
-1|0.00872685717836|-0.87727719974
-1|0.00872196672274|-0.877343281228
-1|0.00871708024434|-0.877406000943
-1|0.00871219602861|-0.877472822954
-1|0.00870729594066|-0.877538024657
-1|0.0087023903905|-0.877606689377
-1|0.00869749352496|-0.877670321671
-1|0.00869262955914|-0.877740995095
-1|0.00868783190788|-0.877802495252
-1|0.00868314391017|-0.877870828035
-1|0.00867849079547|-0.877929532334
-1|0.00867373284107|-0.877999639862
-1|0.00866890126456|-0.878061836969
-1|0.00866409342992|-0.878129431085
-1|0.00865934824161|-0.878188837368
-1|0.00865466461766|-0.878259444043
-1|0.00865001531713|-0.878315036715
-1|0.0086453757448|-0.878382821608
-1|0.00864077181268|-0.878442088583
-1|0.00863615200437|-0.878510379745
-1|0.00863146458325|-0.878569336088
-1|0.00862669585599|-0.878635724641
-1|0.00862189253033|-0.878698646341
-1|0.00861709253738|-0.87876664191
-1|0.00861229893046|-0.878830821295
-1|0.00860749716865|-0.878896017645
-1|0.00860269681118|-0.878961403363
-1|0.00859791523418|-0.879029913191
-1|0.00859318038074|-0.879087724541
-1|0.0085885185712|-0.879156902137
-1|0.00858389558841|-0.879212987204
-1|0.00857935330177|-0.87927946507
-1|0.00857475466919|-0.879333746268
-1|0.0085700908812|-0.879398910119
-1|0.00856537074206|-0.879461233285
-1|0.00856063069049|-0.879526091366
-1|0.00855588973866|-0.879586488875
-1|0.00855118109825|-0.87965269427
-1|0.00854650499904|-0.8797120803
-1|0.00854189409875|-0.879778738672
-1|0.00853734791734|-0.879834462365
-1|0.00853284433721|-0.879902390463
-1|0.00852829899077|-0.879957497934
-1|0.00852376029184|-0.880021644393
-1|0.00851922102565|-0.88007993971
-1|0.00851464988254|-0.88014447107
-1|0.00851005707818|-0.88020282336
-1|0.00850544585022|-0.880266904687
-1|0.0085007918488|-0.880327512363
-1|0.0084961220283|-0.880391961357
-1|0.00849145440008|-0.880454608962
-1|0.00848678854763|-0.880519052729
-1|0.00848213109594|-0.880580812993
-1|0.00847750356866|-0.880645808818
-1|0.00847289682125|-0.88070588994
-1|0.0084683144256|-0.880773663673
-1|0.00846377796161|-0.880830566984
-1|0.00845936309801|-0.880898981225
-1|0.00845503781173|-0.880950191462
-1|0.00845065463672|-0.881014987618
-1|0.00844623821237|-0.881069807468
-1|0.00844173641991|-0.881134419411
-1|0.00843727730527|-0.881186872333
-1|0.00843283658541|-0.881250350936
-1|0.00842834084091|-0.881307990376
-1|0.00842378480344|-0.881372455687
-1|0.00841921438254|-0.881432805208
-1|0.00841463648606|-0.88149850692
-1|0.00841006318245|-0.88156012884
-1|0.008405493311|-0.88162469309
-1|0.00840094695904|-0.88168334696
-1|0.00839644946671|-0.881748354612
-1|0.00839199298946|-0.881805015392
-1|0.00838757337452|-0.881867462105
-1|0.00838316152396|-0.881925005147
-1|0.00837874501803|-0.881986045293
-1|0.00837425134028|-0.882042055768
-1|0.00836976829587|-0.88209981539
-1|0.00836532278313|-0.882156314982
-1|0.0083609909952|-0.882224267806
-1|0.00835675373986|-0.882278846782
-1|0.00835244996228|-0.882346464182
-1|0.00834813899033|-0.882404973232
-1|0.00834380547641|-0.882474079167
-1|0.008339416661|-0.882529905483
-1|0.00833497932702|-0.88259577666
-1|0.00833050091108|-0.882657907677
-1|0.00832602518206|-0.882725160412
-1|0.00832156877864|-0.882787030269
-1|0.00831714790151|-0.882854514754
-1|0.00831276894056|-0.882912625777
-1|0.00830841901802|-0.88297834531
-1|0.00830401503859|-0.883039555985
-1|0.00829961187609|-0.883099739208
-1|0.00829518568175|-0.883161714798
-1|0.0082907355434|-0.88322486769
-1|0.00828629429521|-0.883284852675
-1|0.00828184515535|-0.883347480547
-1|0.00827739941495|-0.883385319862
-1|0.00827299517976|-0.883437988887
-1|0.00826861383552|-0.883484404925
-1|0.00826428676858|-0.883537613156
-1|0.00826003146311|-0.883571481283
-1|0.00825582948217|-0.883616133329
-1|0.0082516663278|-0.883652714482
-1|0.00824753206299|-0.883707470086
-1|0.00824336625573|-0.883753146938
-1|0.00823910918546|-0.88380587237
-1|0.00823477586657|-0.883849415396
-1|0.00823042399227|-0.883902006788
-1|0.00822604765973|-0.883949929117
-1|0.00822167030193|-0.883998285139
-1|0.00821729373267|-0.884046696516
-1|0.00821291898287|-0.88409711281
-1|0.00820854664156|-0.884147395853
-1|0.00820420154443|-0.88419980302
-1|0.00819992148473|-0.884246473137
-1|0.0081957331962|-0.884297930002
-1|0.00819163570307|-0.884337381159
-1|0.00818769380594|-0.88440810742
-1|0.00818362748319|-0.884467097644
-1|0.00817947817357|-0.884530827249
-1|0.00817525218125|-0.88459078706
-1|0.00817094405322|-0.884650668857
-1|0.00816663596309|-0.884705628028
-1|0.00816232284615|-0.884761247334
-1|0.00815800414233|-0.884818501699
-1|0.00815369151652|-0.884877280462
-1|0.00814938658317|-0.884930948142
-1|0.00814507786399|-0.884986249468
-1|0.00814080121475|-0.885047413495
-1|0.00813651901042|-0.885103908346
-1|0.008132245028|-0.88516348045
-1|0.00812798597483|-0.885221054481
-1|0.00812380595902|-0.885277654018
-1|0.0081197909102|-0.885325873408
-1|0.0081159647187|-0.885386593059
-1|0.00811209254477|-0.885438958028
-1|0.0081080804383|-0.885497078625
-1|0.00810395758797|-0.885549102508
-1|0.00809976468234|-0.885605537491
-1|0.00809555424694|-0.885663290995
-1|0.00809131478127|-0.885719069343
-1|0.00808707233266|-0.885776962447
-1|0.0080828561989|-0.885831660912
-1|0.00807862837407|-0.885891297045
-1|0.00807440150062|-0.885943852537
-1|0.00807020086539|-0.88600568469
-1|0.00806606501306|-0.886055816451
-1|0.00806201665568|-0.886120731657
-1|0.00805809210696|-0.886168721352
-1|0.00805414485906|-0.886230693409
-1|0.00805022240058|-0.886280696915
-1|0.00804619813064|-0.886340686758
-1|0.00804207396221|-0.88639029366
-1|0.00803790366512|-0.886447466696
-1|0.00803374562202|-0.886499166633
-1|0.00802959153857|-0.886557308726
-1|0.00802542593262|-0.886608185391
-1|0.00802125218939|-0.88666381574
-1|0.00801708838614|-0.88671976094
-1|0.00801294098397|-0.886778070286
-1|0.008008791729|-0.886833076377
-1|0.00800464409935|-0.886890235123
-1|0.00800049647128|-0.88694904255
-1|0.00799636066938|-0.887004488745
-1|0.00799228921787|-0.887065082019
-1|0.00798838719721|-0.887115496188
-1|0.00798467654947|-0.887174185402
-1|0.00798091216978|-0.887224448179
-1|0.00797698677116|-0.887281998849
-1|0.00797303508707|-0.887330562358
-1|0.00796904655832|-0.88738153856
-1|0.00796504094815|-0.887432833357
-1|0.00796097174859|-0.887492111352
-1|0.00795687539413|-0.887547681913
-1|0.00795277636163|-0.887605092166
-1|0.0079486853178|-0.887659280712
-1|0.00794460105562|-0.887716509425
-1|0.00794052881125|-0.887771008421
-1|0.00793646913291|-0.887828848327
-1|0.00793244270399|-0.887881162625
-1|0.00792847931492|-0.88793870485
-1|0.00792453609057|-0.887986555163
-1|0.0079206217753|-0.888044958759
-1|0.00791672507687|-0.888095669567
-1|0.0079128134594|-0.888150865033
-1|0.00790888331091|-0.888200698099
-1|0.00790497993554|-0.888259032576
-1|0.00790104461124|-0.888309578487
-1|0.0078970900536|-0.888366503499
-1|0.00789315680989|-0.888415094057
-1|0.00788924540128|-0.88846624165
-1|0.00788541431098|-0.88851467146
-1|0.00788148552055|-0.888572533375
-1|0.00787753170748|-0.888624318832
-1|0.0078735926768|-0.888680511022
-1|0.00786965218803|-0.888732146517
-1|0.00786576780148|-0.88878735736
-1|0.00786187562248|-0.888837721203
-1|0.00785797056597|-0.888895210036
-1|0.00785410429942|-0.888945195399
-1|0.00785025484602|-0.889004492226
-1|0.00784643028153|-0.889051789289
-1|0.00784256161367|-0.889105732527
-1|0.00783869688252|-0.889156309101
-1|0.00783481502423|-0.88921197925
-1|0.00783092990376|-0.889261605949
-1|0.00782705161796|-0.889316170867
-1|0.00782313971089|-0.889367718129
-1|0.00781920346324|-0.889422585571
-1|0.00781526096103|-0.889473905084
-1|0.00781139549209|-0.889530667381
-1|0.0078075471985|-0.889578685108
-1|0.00780370513713|-0.889633879741
-1|0.00779987600932|-0.889679750529
-1|0.00779602623059|-0.889735536427
-1|0.00779219006655|-0.889783595631
-1|0.00778848735827|-0.889840570938
-1|0.00778470404332|-0.889888098975
-1|0.00778088259304|-0.889942224751
-1|0.00777704357692|-0.889993082461
-1|0.00777321538522|-0.890048866933
-1|0.00776943989426|-0.890097554612
-1|0.00776567984567|-0.890154201036
-1|0.00776192771395|-0.890201924089
-1|0.00775817382337|-0.890256634465
-1|0.00775433691239|-0.890304181646
-1|0.00775050838598|-0.890359968071
-1|0.00774670550637|-0.890408942706
-1|0.00774293510156|-0.890463304083
-1|0.00773923409633|-0.890509045376
-1|0.00773551198749|-0.890565231214
-1|0.00773176226583|-0.890611120207
-1|0.00772795759474|-0.890664058898
-1|0.00772411638864|-0.890713387257
-1|0.00772027386069|-0.890766980133
-1|0.0077164296193|-0.89081812927
-1|0.00771260088596|-0.890872495559
-1|0.00770877715014|-0.890922764231
-1|0.00770496478815|-0.890977117422
-1|0.00770116186502|-0.891026031591
-1|0.0076974306399|-0.891080993317
-1|0.00769382537877|-0.891125605154
-1|0.00769025474537|-0.891180906588
-1|0.00768665321442|-0.891225876225
-1|0.00768298347116|-0.891278669932
-1|0.00767928905522|-0.891323713864
-1|0.00767554835093|-0.891377646856
-1|0.00767179278443|-0.891427821058
-1|0.00766803274999|-0.89148111481
-1|0.00766427917375|-0.891529560908
-1|0.00766051673513|-0.89158132498
-1|0.00765677354232|-0.891628475052
-1|0.00765306164793|-0.891683525383
-1|0.00764938506768|-0.891728712767
-1|0.00764574500733|-0.891781746976
-1|0.00764213051775|-0.8918264377
-1|0.0076385403561|-0.891877122349
-1|0.00763495235047|-0.891922226891
-1|0.00763134373851|-0.891977398028
-1|0.00762775225874|-0.892022345871
-1|0.00762414107673|-0.892077188462
-1|0.00762050195816|-0.892122378599
-1|0.00761682212039|-0.892175415493
-1|0.00761309260075|-0.89222648877
-1|0.00760935019825|-0.892279818474
-1|0.00760561346588|-0.892328825888
-1|0.00760187606863|-0.892379076996
-1|0.00759814490335|-0.892430211512
-1|0.00759441221717|-0.892481417084
-1|0.00759071413301|-0.892529059308
-1|0.00758708837534|-0.892583927104
-1|0.00758352767231|-0.892628818476
-1|0.00757997659531|-0.892684506129
-1|0.00757639095908|-0.892727764792
-1|0.00757283734697|-0.892782958736
-1|0.00756926056398|-0.892827741754
-1|0.0075656397933|-0.89287837966
-1|0.00756199222224|-0.892924499472
-1|0.00755832429654|-0.892974691804
-1|0.00755468217486|-0.893019202192
-1|0.0075510320008|-0.893072146811
-1|0.00754736329363|-0.893120479316
-1|0.00754371315743|-0.893169618924
-1|0.00754004623875|-0.89321797852
-1|0.00753641054639|-0.893272746222
-1|0.00753282082837|-0.89332235813
-1|0.007529298767|-0.893383130718
-1|0.0075258287275|-0.893430526944
-1|0.0075224611816|-0.89348985298
-1|0.00751908556889|-0.893536649939
-1|0.00751560953609|-0.893595400045
-1|0.00751207342679|-0.893642354982
-1|0.00750849151405|-0.893693750404
-1|0.0075048737892|-0.893746462796
-1|0.00750125169635|-0.893802199036
-1|0.00749763589516|-0.893855683502
-1|0.00749401746954|-0.893912072105
-1|0.00749041477026|-0.893964868339
-1|0.00748686184623|-0.89402632788
-1|0.00748337197436|-0.894074355007
-1|0.00747994180512|-0.89413255715
-1|0.00747652526465|-0.894175984936
-1|0.00747309902164|-0.894230273435
-1|0.00746965093156|-0.894276259126
-1|0.00746614263838|-0.89433057802
-1|0.00746258122204|-0.894383226754
-1|0.00745901036291|-0.89444122439
-1|0.00745543661399|-0.894492174192
-1|0.00745185102828|-0.894543566796
-1|0.00744826247845|-0.894598118605
-1|0.00744468757227|-0.894648085157
-1|0.00744110847625|-0.894699268126
-1|0.00743753475296|-0.89474730841
-1|0.00743395933884|-0.894792483423
-1|0.00743040870136|-0.894841252915
-1|0.00742685620037|-0.894887151618
-1|0.00742330560482|-0.89493453169
-1|0.00741975777479|-0.894981280646
-1|0.00741621718788|-0.895029857851
-1|0.0074127223748|-0.895070628022
-1|0.00740925984977|-0.895120304094
-1|0.00740591315833|-0.895158518832
-1|0.00740280166504|-0.895210652175
-1|0.00739973524723|-0.895250940444
-1|0.00739639889259|-0.895299081107
-1|0.00739293441137|-0.895345107995
-1|0.00738942520609|-0.895394869363
-1|0.00738591423013|-0.895440405739
-1|0.00738239777356|-0.895489396279
-1|0.00737888967482|-0.895538264052
-1|0.0073754347715|-0.895579136267
-1|0.00737199456652|-0.895629897774
-1|0.00736867498141|-0.895669585584
-1|0.00736531131643|-0.895720411394
-1|0.00736186965819|-0.895764967904
-1|0.00735838178953|-0.895813644376
-1|0.0073548805709|-0.895863196367
-1|0.00735140613433|-0.895907804672
-1|0.00734793357891|-0.895958023762
-1|0.00734446705696|-0.896002854585
-1|0.00734101387647|-0.896052228249
-1|0.00733755797289|-0.896096076622
-1|0.00733412784791|-0.896142523805
-1|0.00733071484331|-0.896185773465
-1|0.0073272642346|-0.896233597089
-1|0.00732380346894|-0.89628131548
-1|0.00732034889486|-0.896328048935
-1|0.00731690017878|-0.896372328879
-1|0.00731346509917|-0.896417950766
-1|0.00731002027229|-0.896465730137
-1|0.00730660547098|-0.896508582148
-1|0.00730329123472|-0.896560205688
-1|0.00730011415551|-0.896595823247
-1|0.00729705888399|-0.896647643801
-1|0.00729403877411|-0.896686673464
-1|0.00729080720962|-0.89673806989
-1|0.00728749693811|-0.896779673024
-1|0.00728418907527|-0.896828199744
-1|0.00728082484998|-0.89687216753
-1|0.00727743058306|-0.896918132006
-1|0.00727403511831|-0.896960602737
-1|0.00727063445741|-0.897006208575
-1|0.0072672335991|-0.89705270898
-1|0.00726382238209|-0.897099502577
-1|0.00726042224422|-0.897144236771
-1|0.00725703103437|-0.897192320111
-1|0.00725365271496|-0.897234881289
-1|0.00725031823518|-0.897285225459
-1|0.00724713764549|-0.897324840422
-1|0.00724412681975|-0.897373774922
-1|0.00724099776965|-0.897412530247
-1|0.00723779357235|-0.897461454882
-1|0.00723460550958|-0.897502895893
-1|0.00723131869101|-0.897549617621
-1|0.00722798318099|-0.897592514087
-1|0.00722463680103|-0.897640198821
-1|0.00722129771353|-0.897683707216
-1|0.00721796154718|-0.89773203763
-1|0.00721463376968|-0.897774718584
-1|0.00721132700506|-0.89782255784
-1|0.00720804951072|-0.89786333412
-1|0.00720474890461|-0.897908288447
-1|0.007201429937|-0.897950633162
-1|0.00719812733396|-0.897997287247
-1|0.00719487607391|-0.898035341372
-1|0.00719168048378|-0.898083936891
-1|0.00718847021484|-0.89812611204
-1|0.00718523124828|-0.898173500733
-1|0.00718205282159|-0.898210925555
-1|0.00717886812227|-0.898257615443
-1|0.00717560599408|-0.898299312393
-1|0.00717236217459|-0.898344036309
-1|0.00716915801871|-0.898382567298
-1|0.00716596309485|-0.898428642037
-1|0.00716270966085|-0.898470867344
-1|0.00715944529107|-0.898517058215
-1|0.00715621017514|-0.898557890219
-1|0.0071530912053|-0.898604183551
-1|0.00714987939028|-0.898645176777
-1|0.00714664865|-0.898691305637
-1|0.0071434970828|-0.898730902131
-1|0.00714033715293|-0.898777534297
-1|0.00713721468344|-0.898816052778
-1|0.00713399281016|-0.898862367374
-1|0.0071307358151|-0.898905886794
-1|0.00712746328301|-0.898951200174
-1|0.00712418487543|-0.898995816862
-1|0.00712090550018|-0.899041103977
-1|0.00711763078369|-0.899086223161
-1|0.00711436260223|-0.899128836647
-1|0.00711111159052|-0.89917516071
-1|0.00710787400428|-0.899216720668
-1|0.00710465570427|-0.899259738747
-1|0.0071014552615|-0.89930014062
-1|0.00709825404622|-0.899345923785
-1|0.00709514159544|-0.899382967584
-1|0.00709214176711|-0.899432244505
-1|0.00708920888903|-0.899469174448
-1|0.00708630058704|-0.899506957217
-1|0.00708320584091|-0.899547172473
-1|0.00707999311375|-0.899590112767
-1|0.00707676100416|-0.89963306008
-1|0.00707353919937|-0.899678548212
-1|0.00707032473518|-0.89971996626
-1|0.00706714002076|-0.899766488565
-1|0.00706398436073|-0.899806691715
-1|0.00706081965549|-0.899850785777
-1|0.00705766548|-0.89988980823
-1|0.00705452246805|-0.89993389043
-1|0.0070514351585|-0.89997203038
-1|0.00704838010283|-0.900015756892
-1|0.00704537476606|-0.90005347186
-1|0.00704233238956|-0.900096030839
-1|0.00703925464137|-0.90013431359
-1|0.00703615803148|-0.900180270215
-1|0.00703301915877|-0.900221196021
-1|0.00702985573946|-0.900266416147
-1|0.00702670791853|-0.900308527015
-1|0.00702361591808|-0.900354731945
-1|0.00702053799022|-0.900388671246
-1|0.0070175057379|-0.900435669651
-1|0.00701445913601|-0.900474525342
-1|0.00701143048507|-0.900519713729
-1|0.00700840859333|-0.900557362958
-1|0.00700536845936|-0.900601951894
-1|0.00700227146574|-0.90063774142
-1|0.00699912147793|-0.900677932896
-1|0.00699597004037|-0.900719877407
-1|0.00699282329811|-0.900764481766
-1|0.0069897129094|-0.900801196657
-1|0.00698661712938|-0.900845325096
-1|0.00698353059114|-0.900883029729
-1|0.00698049361658|-0.900926903936
-1|0.00697747452079|-0.90096415312
-1|0.00697447613135|-0.901006829019
-1|0.00697143439372|-0.901042791898
-1|0.00696837325169|-0.901087454458
-1|0.00696531916582|-0.901124509515
-1|0.0069622660276|-0.901167926103
-1|0.00695919483445|-0.901208505708
-1|0.00695611411182|-0.901253073741
-1|0.00695303970935|-0.901293629837
-1|0.00695004005993|-0.901339072314
-1|0.00694705141412|-0.901376438152
-1|0.00694406537126|-0.901419309811
-1|0.00694108913897|-0.901454244488
-1|0.00693810267369|-0.901499515444
-1|0.00693506452723|-0.901539768623
-1|0.00693200786986|-0.901582883341
-1|0.00692893150152|-0.901623091407
-1|0.00692584581095|-0.901665666277
-1|0.0069227626169|-0.901706050034
-1|0.00691969951847|-0.901749883819
-1|0.00691668763277|-0.901787609918
-1|0.00691382347804|-0.901833204847
-1|0.00691095745076|-0.901868928417
-1|0.00690805690182|-0.901910414346
-1|0.0069050664751|-0.901948910197
-1|0.00690201400403|-0.901988871781
-1|0.00689895183174|-0.902029933476
-1|0.00689588163706|-0.902071645167
-1|0.0068928128134|-0.902112453555
-1|0.00688975470736|-0.902154408654
-1|0.00688670335241|-0.902194076252
-1|0.00688365547493|-0.902231912525
-1|0.00688061589511|-0.902271116878
-1|0.00687759473743|-0.902313162418
-1|0.00687454400699|-0.90235432139
-1|0.00687152647528|-0.902389896298
-1|0.00686854332835|-0.902432198466
-1|0.0068656495777|-0.902465635959
-1|0.0068629376393|-0.902510904579
-1|0.00686022458779|-0.902543373347
-1|0.00685741561952|-0.902587342416
0|4|../data_stream/historical_data/data/17-10-25_10:15:08.csv-1|0.00685451267951|-0.902622874369
-1|0.00685157589756|-0.902665138842
-1|0.00684874707765|-0.902698411294
-1|0.00684593774615|-0.902740111858
-1|0.00684304656082|-0.902776077162
-1|0.00684006521485|-0.902813887528
-1|0.00683706912634|-0.90285457644
-1|0.00683405530299|-0.902896601815
-1|0.00683104033828|-0.902936851074
-1|0.00682803108282|-0.902978813333
-1|0.00682502531244|-0.903019177467
-1|0.00682202368688|-0.903061255251
-1|0.00681903446402|-0.90309911616
-1|0.00681605843014|-0.903139335091
-1|0.0068130804369|-0.903178634376
-1|0.00681009893416|-0.903220934495
-1|0.00680711551906|-0.903260120059
-1|0.0068041367033|-0.903300136501
-1|0.00680116972776|-0.903339488706
-1|0.00679821288765|-0.903382368808
-1|0.00679537095609|-0.903418545185
-1|0.0067927253926|-0.903462980315
-1|0.0067900758986|-0.903495861455
-1|0.00678737743306|-0.903538359326
-1|0.00678451030924|-0.90357391076
-1|0.00678161122229|-0.903616576489
-1|0.00677866669846|-0.903655520423
-1|0.00677573135877|-0.903697573617
-1|0.00677283516168|-0.903733392555
-1|0.00676992922579|-0.903775792569
-1|0.00676701538469|-0.90381407325
-1|0.00676409043584|-0.903855516481
-1|0.00676116014146|-0.90389344047
-1|0.00675822652075|-0.903932206303
-1|0.00675530073613|-0.903971208766
-1|0.00675237327052|-0.904010882881
-1|0.00674946332664|-0.904047192771
-1|0.00674657243087|-0.904088281443
-1|0.00674365167613|-0.904128115775
-1|0.00674072462669|-0.904168975105
-1|0.00673781334745|-0.904205027658
-1|0.00673494117845|-0.904247219782
-1|0.00673213277673|-0.904280924616
-1|0.00672945123902|-0.904324300461
-1|0.00672680695443|-0.904354432225
-1|0.00672410845694|-0.90439754519
-1|0.00672130827975|-0.904434225004
-1|0.00671852550474|-0.904475267475
-1|0.00671575778707|-0.904508413918
-1|0.00671294548941|-0.904547226492
-1|0.0067101146637|-0.904580937241
-1|0.00670731861327|-0.90462125075
-1|0.00670446496884|-0.904659746596
-1|0.00670158455555|-0.904701145351
-1|0.0066987113094|-0.904738882325
-1|0.00669583816393|-0.904778316221
-1|0.00669297080953|-0.904815482171
-1|0.00669009895192|-0.904854413618
-1|0.00668725341648|-0.904890993389
-1|0.00668452500762|-0.904933324071
-1|0.00668182116802|-0.90496322302
-1|0.00667904057223|-0.905002453381
-1|0.00667622928794|-0.905036369821
-1|0.00667341700786|-0.905077609898
-1|0.0066705953268|-0.905113412553
-1|0.00666776818253|-0.905150659495
-1|0.00666497577307|-0.905185007829
-1|0.0066621946668|-0.905225417049
-1|0.00665941860542|-0.905260091357
-1|0.00665667344651|-0.905299335683
-1|0.00665396325374|-0.905332155442
-1|0.00665121035517|-0.905373560108
-1|0.00664847247119|-0.905407941885
-1|0.00664573732028|-0.905447455528
-1|0.00664296662925|-0.905481303511
-1|0.0066401780823|-0.905521178241
-1|0.00663737359599|-0.905557264973
-1|0.00663455820588|-0.905598054524
-1|0.00663175373323|-0.905631630544
-1|0.00662897408716|-0.90567213819
-1|0.00662618938471|-0.905707672809
-1|0.00662343797138|-0.905748190169
-1|0.00662070887559|-0.905783129116
-1|0.0066179920581|-0.905823580058
-1|0.00661529325203|-0.905856393373
-1|0.00661271487349|-0.905896572417
-1|0.00661023632882|-0.905924353461
-1|0.00660762179569|-0.90596337763
-1|0.00660487135527|-0.906000859667
-1|0.00660208300746|-0.906041414298
-1|0.00659929035232|-0.906078671429
-1|0.00659649664116|-0.906118667959
-1|0.00659370016558|-0.906157818375
-1|0.00659091017469|-0.906198389825
-1|0.00658811959891|-0.906237055819
-1|0.00658532440336|-0.906277646308
-1|0.00658253059409|-0.906315262238
-1|0.00657974644049|-0.906354706893
-1|0.00657696521339|-0.906392420771
-1|0.00657417912254|-0.906431231505
-1|0.00657139600022|-0.906469340911
-1|0.0065686300127|-0.906510100227
-1|0.00656591439539|-0.906543233341
-1|0.0065632355452|-0.906582256965
-1|0.00656063286762|-0.906615191893
-1|0.00655806635877|-0.906653647616
-1|0.00655548255058|-0.906684861934
-1|0.00655286587383|-0.906725267686
-1|0.00655022077237|-0.906759743878
-1|0.00654754040315|-0.906798866238
-1|0.00654482109989|-0.906834593609
-1|0.00654209905574|-0.906873959359
-1|0.00653939287875|-0.906907420302
-1|0.00653668106381|-0.906944827481
-1|0.00653395168486|-0.906980277732
-1|0.00653121755837|-0.907015501011
-1|0.00652848842997|-0.907048162775
-1|0.00652579229232|-0.907090074407
-1|0.0065231270686|-0.907119613061
-1|0.00652045959668|-0.907159321553
-1|0.00651780811638|-0.907184441992
-1|0.00651515132458|-0.90721701131
-1|0.0065124993147|-0.90724847385
-1|0.00650990472661|-0.907287955425
-1|0.00650734770738|-0.907316439962
-1|0.00650480992206|-0.907358354441
-1|0.00650223355925|-0.907389574741
-1|0.00649962322214|-0.907431271168
-1|0.00649694307004|-0.907467402718
-1|0.00649423635993|-0.907507021255
-1|0.00649152186042|-0.907546515804
-1|0.00648881194181|-0.907580357167
-1|0.00648609972049|-0.90761435994
-1|0.00648339839821|-0.907652833762
-1|0.00648074826726|-0.907680883303
-1|0.00647817036684|-0.907719737501
-1|0.00647564946018|-0.90774950495
-1|0.00647308861253|-0.907789359605
-1|0.00647063788049|-0.907810615289
-1|0.00646814396776|-0.907844908116
-1|0.00646557337664|-0.907869968621
-1|0.00646300966093|-0.907904296334
-1|0.00646054636351|-0.907932973038
-1|0.0064579464492|-0.907967350101
-1|0.00645529699054|-0.907999665045
-1|0.00645265782494|-0.908038969804
-1|0.00645000689795|-0.908071747821
-1|0.00644735704598|-0.908109505012
-1|0.00644472269365|-0.908144219567
-1|0.00644208800846|-0.908183288907
-1|0.00643942794082|-0.908217766536
-1|0.00643676102754|-0.908255121825
-1|0.00643409417391|-0.908291559034
-1|0.00643143105246|-0.908330207732
-1|0.00642879464759|-0.908362453769
-1|0.006426199863|-0.908401852708
-1|0.0064236522556|-0.908433165869
-1|0.00642118673|-0.90847456479
-1|0.00641874367975|-0.908502879785
-1|0.00641625708125|-0.908542175355
-1|0.00641368405346|-0.90857366396
-1|0.00641111346813|-0.90860693687
-1|0.00640851790668|-0.908641949884
-1|0.00640588839845|-0.90867546887
-1|0.00640326020025|-0.908712373141
-1|0.00640062904108|-0.908747764697
-1|0.00639800042917|-0.908784858206
-1|0.00639536973793|-0.908821062302
-1|0.00639273608602|-0.908857582147
-1|0.00639010971179|-0.90889403911
-1|0.00638751455021|-0.908922460392
-1|0.00638493231648|-0.908958615287
-1|0.00638240024808|-0.908990886773
-1|0.00638001287319|-0.90902803164
-1|0.00637766545294|-0.909055630488
-1|0.00637532050667|-0.909095167467
-1|0.00637294444839|-0.90912363154
-1|0.00637042150279|-0.909159267072
-1|0.00636785948027|-0.90919328134
-1|0.00636528092494|-0.909230164183
-1|0.00636269545958|-0.909264007567
-1|0.00636009813668|-0.909300592359
-1|0.00635749670977|-0.909336368771
-1|0.00635490014566|-0.909372945267
-1|0.00635233540936|-0.909405084836
-1|0.00634979592659|-0.909442963135
-1|0.006347287651|-0.909474207167
-1|0.00634477988537|-0.909508319309
-1|0.0063423469348|-0.909538420227
-1|0.00633987441882|-0.909575557758
-1|0.00633738901|-0.909606628205
-1|0.00633486044405|-0.90964186344
-1|0.00633231711918|-0.909673293317
-1|0.00632981672582|-0.909710001231
-1|0.00632730995287|-0.909741877747
-1|0.00632480769787|-0.909778620486
-1|0.00632227893635|-0.909810447023
-1|0.00631974539403|-0.909846740996
-1|0.006317187816|-0.909880373814
-1|0.00631464517502|-0.90991567419
-1|0.00631209539653|-0.909950083444
-1|0.00630956345964|-0.909986794738
-1|0.00630705359802|-0.910018557008
-1|0.00630457370703|-0.91005687703
-1|0.00630213773114|-0.910087634098
-1|0.0062997710662|-0.910122806774
-1|0.00629746592044|-0.910151783127
-1|0.0062950897366|-0.910188021178
-1|0.00629264019878|-0.910219320579
-1|0.00629017069256|-0.910252186277
-1|0.00628770030179|-0.910284881043
-1|0.00628523853731|-0.910320769461
-1|0.00628275761958|-0.910353130168
-1|0.00628026239185|-0.910389960213
-1|0.00627778026547|-0.910421486873
-1|0.00627531564081|-0.910458647477
-1|0.00627294046649|-0.9104893468
-1|0.00627055664873|-0.910527244743
-1|0.00626813918575|-0.910557151169
-1|0.00626570181269|-0.910591768877
-1|0.00626325250243|-0.910623495277
-1|0.00626076572431|-0.910659420592
-1|0.00625828383957|-0.910690841381
-1|0.00625580782657|-0.910725945105
-1|0.00625333753713|-0.910757723729
-1|0.0062508743312|-0.910793674454
-1|0.00624845800094|-0.910821872079
-1|0.00624615244517|-0.910858106585
-1|0.00624376637736|-0.910888005158
-1|0.00624130000757|-0.910919595312
-1|0.00623884663381|-0.910948516128
-1|0.00623638137478|-0.910982653657
-1|0.0062339005936|-0.911016057864
-1|0.00623140878477|-0.911051241452
-1|0.00622892288689|-0.911084734992
-1|0.00622645041125|-0.911120799644
-1|0.0062239872828|-0.911152094534
-1|0.00622155107368|-0.911187393377
-1|0.00621912122401|-0.911219646186
-1|0.00621670608279|-0.911255503375
-1|0.00621434000474|-0.911283062242
-1|0.006211962682|-0.911319645875
-1|0.00620963338043|-0.911349579319
-1|0.0062072806433|-0.911382795206
-1|0.00620488519225|-0.91141225887
-1|0.00620246978481|-0.911445306231
-1|0.00620005835233|-0.911476681355
-1|0.00619763790641|-0.911512140854
-1|0.00619523493641|-0.911542453824
-1|0.00619285307202|-0.911578146383
-1|0.00619057290413|-0.911604823956
-1|0.00618822015306|-0.911639622539
-1|0.00618583730989|-0.911669575741
-1|0.00618344106474|-0.911705024229
-1|0.00618100874083|-0.911735840088
-1|0.00617859197594|-0.911769774395
-1|0.00617620929361|-0.91179832259
-1|0.0061738246342|-0.911832902664
-1|0.00617145713952|-0.911864069646
-1|0.00616908630987|-0.911898369645
-1|0.00616670139442|-0.91192634066
-1|0.00616431906502|-0.911961846347
-1|0.00616190549945|-0.911992549556
-1|0.00615947732879|-0.912024237514
-1|0.00615705335015|-0.912055617276
-1|0.00615462369088|-0.912087604241
-1|0.00615220000314|-0.912121433226
-1|0.0061497911515|-0.912152575772
-1|0.00614739436381|-0.912186620722
-1|0.00614507020404|-0.912213759147
-1|0.00614295050206|-0.912252219138
-1|0.00614088980945|-0.912276883896
-1|0.00613866280808|-0.912307233399
-1|0.00613631483063|-0.91233726845
-1|0.00613394147241|-0.912370352268
-1|0.00613152825085|-0.91240234884
-1|0.00612912119523|-0.912432828691
-1|0.00612671334333|-0.912464783116
-1|0.00612430056292|-0.912498470092
-1|0.00612188681472|-0.912531835227
-1|0.00611947645041|-0.912564582007
-1|0.00611707082349|-0.912598537465
-1|0.00611467640242|-0.912629250154
-1|0.00611231109757|-0.912664006137
-1|0.00610998205792|-0.912692541229
-1|0.00610772344276|-0.912727320706
-1|0.00610553795852|-0.912753641737
-1|0.00610330341606|-0.912786804318
-1|0.00610110401747|-0.912816042109
-1|0.00609884916921|-0.912850521408
-1|0.00609651709079|-0.912881372408
-1|0.00609416304302|-0.91291586062
-1|0.00609180740773|-0.912945988147
-1|0.00608946466359|-0.912981048159
-1|0.00608712252433|-0.913011443718
-1|0.0060847677596|-0.913045155699
-1|0.00608239710484|-0.913077127397
-1|0.00608001990856|-0.913109979727
-1|0.00607765217608|-0.913138784042
-1|0.00607531082017|-0.913175206337
-1|0.00607302081326|-0.913204062638
-1|0.00607076116504|-0.913237356707
-1|0.00606851434673|-0.913265537792
-1|0.00606630032159|-0.913303545318
-1|0.00606406677888|-0.913334161651
-1|0.00606184904621|-0.913369506682
-1|0.00605974214102|-0.913391258273
-1|0.00605750668071|-0.913424004738
-1|0.0060552220333|-0.913450004079
-1|0.00605288397842|-0.913481882993
-1|0.00605054247258|-0.91351183894
-1|0.00604823451495|-0.913547757204
-1|0.00604591543614|-0.913577575487
-1|0.00604358734566|-0.913609938274
-1|0.00604125150094|-0.913641549989
-1|0.00603892660315|-0.913674984495
-1|0.00603659794218|-0.913707505267
-1|0.00603426107121|-0.913740261767
-1|0.00603192780648|-0.913775424578
-1|0.00602964220916|-0.913803277633
-1|0.00602739625123|-0.913837003894
-1|0.00602518243702|-0.913863930447
-1|0.00602309403954|-0.913901998411
-1|0.00602105017689|-0.913924587065
-1|0.00601890502549|-0.913959429704
-1|0.00601668132919|-0.913986433869
-1|0.00601443814691|-0.914020466441
-1|0.00601217276941|-0.914045059405
-1|0.00600992866309|-0.914078929153
-1|0.00600766310602|-0.914109085124
-1|0.00600538251064|-0.914142518939
-1|0.00600310178254|-0.914171949228
-1|0.00600082628359|-0.914205700047
-1|0.00599856363044|-0.914234134834
-1|0.00599632445119|-0.914268163092
-1|0.00599407546678|-0.914293727587
-1|0.00599183453781|-0.914327694664
-1|0.00598957336738|-0.91435689156
-1|0.00598729470631|-0.914389281825
-1|0.00598506681337|-0.914418049734
-1|0.00598283897805|-0.914452165689
-1|0.00598061132169|-0.914480073201
-1|0.00597836896041|-0.914511722494
-1|0.00597611895601|-0.914540511384
-1|0.00597388940026|-0.914574253074
-1|0.00597167607553|-0.914600756483
-1|0.00596949635361|-0.914635009703
-1|0.00596744961309|-0.914662535716
-1|0.00596528812441|-0.914697659099
-1|0.00596305014904|-0.914726015283
-1|0.00596079539476|-0.91475951936
-1|0.0059585382483|-0.914790422081
-1|0.00595628921847|-0.914823345492
-1|0.00595403443031|-0.914853685492
-1|0.00595177215408|-0.91488694306
-1|0.00594951196517|-0.914916062716
-1|0.00594725247394|-0.914947676253
-1|0.00594501021013|-0.914976662152
-1|0.00594285943454|-0.915010019895
-1|0.00594072664807|-0.915034732109
-1|0.00593861752625|-0.91506309216
-1|0.00593648912034|-0.915088844186
-1|0.00593432773048|-0.915118188192
-1|0.00593211884569|-0.915146471153
-1|0.00592990988711|-0.915179134908
-1|0.00592772376846|-0.915205834378
-1|0.00592554063278|-0.915238098284
-1|0.00592334256592|-0.915265530476
-1|0.00592112857051|-0.915298113814
-1|0.00591890919788|-0.915326824569
-1|0.00591668781068|-0.915358015749
-1|0.0059144715036|-0.915385869826
-1|0.00591225519879|-0.915418418532
-1|0.0059100620892|-0.915445109298
-1|0.00590793975659|-0.915477538794
-1|0.00590583272043|-0.915502641308
-1|0.00590371655552|-0.915534235356
-1|0.00590153545496|-0.915561790316
-1|0.00589931805495|-0.9155916895
-1|0.00589709642567|-0.915619694762
-1|0.00589489917719|-0.915651783051
-1|0.00589272177589|-0.915679521381
-1|0.00589056734227|-0.915709362301
-1|0.00588840844133|-0.915735924213
-1|0.0058862292366|-0.915766459566
-1|0.00588402482753|-0.915795400877
-1|0.00588181185211|-0.915825769584
-1|0.0058795952761|-0.915855276482
-1|0.00587741722278|-0.915887829816
-1|0.00587537891939|-0.915911655524
-1|0.00587337980085|-0.915944661643
-1|0.00587138313751|-0.915969194189
-1|0.00586934067439|-0.916002764969
-1|0.00586722624148|-0.916028294352
-1|0.0058651070311|-0.916060458949
-1|0.00586295864128|-0.916087120785
-1|0.00586079375141|-0.916119299981
-1|0.00585863294297|-0.916144827739
-1|0.00585645635904|-0.916173844073
-1|0.00585427771267|-0.916201564509
-1|0.0058520954881|-0.916233863596
-1|0.00584991127377|-0.916261780155
-1|0.0058477247293|-0.91629203771
-1|0.00584556396173|-0.916318572254
-1|0.0058434357265|-0.916351805021
-1|0.00584132020625|-0.916378012119
-1|0.00583921481252|-0.916409459067
-1|0.00583708382647|-0.916437817421
-1|0.00583495310128|-0.916470632469
-1|0.00583282782852|-0.916498031696
-1|0.00583073274513|-0.916530249595
-1|0.00582867874259|-0.916554676196
-1|0.00582663805069|-0.916583863003
-1|0.005824586551|-0.916609139202
-1|0.00582253920146|-0.91663996624
-1|0.00582052788866|-0.916664526505
-1|0.00581840570009|-0.916693894832
-1|0.00581624973075|-0.916721180954
-1|0.00581408356521|-0.916750621587
-1|0.00581191442636|-0.916780054071
-1|0.0058097466034|-0.916810369412
-1|0.00580758368589|-0.916839659406
-1|0.0058054217191|-0.916870454472
-1|0.00580325933453|-0.916900629242
-1|0.00580111091659|-0.916931325191
-1|0.00579897947038|-0.916958270893
-1|0.00579694214814|-0.916989357971
-1|0.00579501554586|-0.917011225224
-1|0.00579303549548|-0.917041482375
-1|0.00579094504712|-0.917068432151
-1|0.00578887609518|-0.917100693744
-1|0.0057868207726|-0.917125720899
-1|0.00578472940658|-0.917151356365
-1|0.00578260761799|-0.917179662823
-1|0.00578052511391|-0.917211081507
-1|0.00577844882057|-0.917236411258
-1|0.00577638418121|-0.917266741071
-1|0.00577432659443|-0.917291225853
-1|0.0057722770121|-0.917321631343
-1|0.00577022143698|-0.917347052632
-1|0.00576817913515|-0.917378387312
-1|0.0057661789176|-0.917402645577
-1|0.00576413533955|-0.91743169792
-1|0.00576205460216|-0.917457468524
-1|0.00575994260057|-0.91748609369
-1|0.00575782272998|-0.917513407389
-1|0.00575570804402|-0.917543351444
-1|0.00575358430828|-0.917572830349
-1|0.00575145904539|-0.917602899194
-1|0.00574933536504|-0.917632431533
-1|0.00574721476429|-0.917663063178
-1|0.00574510862849|-0.917690112782
-1|0.00574302977548|-0.917722257327
-1|0.00574102231076|-0.917745448008
-1|0.00573913578913|-0.917777942508
-1|0.00573728064802|-0.917801873228
-1|0.00573532871988|-0.917831946479
-1|0.00573328837302|-0.917857439811
-1|0.0057312175479|-0.917885728318
-1|0.0057291441609|-0.917907982354
-1|0.0057270498117|-0.917936243128
-1|0.00572495204718|-0.91796388013
-1|0.00572286545556|-0.917993086136
-1|0.00572078409546|-0.918020215272
-1|0.0057187106695|-0.918051175877
-1|0.00571667707077|-0.918076606261
-1|0.00571477558974|-0.918104552006
-1|0.00571284717815|-0.918126156143
-1|0.00571081622909|-0.918154148413
-1|0.00570877300079|-0.918177550769
-1|0.00570674355956|-0.918205864831
-1|0.00570474244114|-0.918229331579
-1|0.00570274207756|-0.918255231734
-1|0.00570072211677|-0.918281157541
-1|0.00569868865918|-0.918310867601
-1|0.00569664369866|-0.918338375695
-1|0.00569458880742|-0.918368423867
-1|0.00569252678817|-0.918395460058
-1|0.00569045750437|-0.91842326374
-1|0.00568839415844|-0.918450103662
-1|0.00568633908174|-0.918479629874
-1|0.00568427490353|-0.918505947106
-1|0.00568220791794|-0.918533449228
-1|0.00568014352821|-0.918562430875
-1|0.00567808384785|-0.918589335309
-1|0.00567603374341|-0.918617736994
-1|0.00567398294296|-0.918645867818
-1|0.00567197372777|-0.918669577039
-1|0.00567006425923|-0.918700689015
-1|0.00566824096517|-0.918723944466
